3.028131e+00	0.000000e+00	-3.024357e+00	0.000000e+00	0.000000e+00	0.000000e+00	0.000000e+00
3.179537e+00	8.511892e+15	-2.937746e+00	8.184566e+15	9.966518e-05	2.404418e+16	9.999836e-05
3.347742e+00	6.900310e+16	-2.849803e+00	6.432063e+16	9.999508e-05	1.833011e+17	9.954609e-05
3.515947e+00	1.934397e+17	-2.767162e+00	1.762612e+17	9.999855e-05	4.877433e+17	9.831443e-05
3.684151e+00	3.648537e+17	-2.687494e+00	3.267920e+17	9.962489e-05	8.782516e+17	9.998459e-05
3.852356e+00	5.625636e+17	-2.609153e+00	4.972298e+17	9.983107e-05	1.297349e+18	9.998556e-05
4.020560e+00	7.700155e+17	-2.530977e+00	6.735267e+17	9.998550e-05	1.704681e+18	9.869653e-05
4.188765e+00	9.758159e+17	-2.452020e+00	8.464900e+17	9.998673e-05	2.075611e+18	9.837509e-05
4.356970e+00	1.175148e+18	-2.370455e+00	1.012505e+18	9.786453e-05	2.400096e+18	9.997349e-05
4.525174e+00	1.363361e+18	-2.286345e+00	1.168222e+18	9.998129e-05	2.670958e+18	9.842569e-05
4.693379e+00	1.539725e+18	-2.197690e+00	1.313264e+18	9.536152e-05	2.886147e+18	9.998557e-05
4.861584e+00	1.705411e+18	-2.101823e+00	1.448677e+18	9.284060e-05	3.044862e+18	9.998502e-05
5.029788e+00	1.862942e+18	-1.993757e+00	1.576305e+18	8.804678e-05	3.142768e+18	9.999821e-05
5.197993e+00	2.012332e+18	-1.876942e+00	1.696995e+18	8.400303e-05	3.185161e+18	9.999584e-05
5.366197e+00	2.149413e+18	-1.759860e+00	1.808547e+18	7.889597e-05	3.182790e+18	9.997762e-05
5.534402e+00	2.272057e+18	-1.648487e+00	1.909904e+18	7.483386e-05	3.148451e+18	9.999102e-05
5.702607e+00	2.378837e+18	-1.545913e+00	2.000052e+18	7.146323e-05	3.091907e+18	9.998848e-05
5.870811e+00	2.469744e+18	-1.453205e+00	2.078831e+18	6.886766e-05	3.020968e+18	9.996876e-05
6.039016e+00	2.545331e+18	-1.370261e+00	2.146396e+18	6.578121e-05	2.941124e+18	9.998398e-05
6.207221e+00	2.606723e+18	-1.296297e+00	2.203324e+18	6.285366e-05	2.856161e+18	9.997971e-05
6.375425e+00	2.655189e+18	-1.230463e+00	2.250344e+18	5.794251e-05	2.768966e+18	9.998056e-05
6.543630e+00	2.692045e+18	-1.171743e+00	2.288254e+18	5.287398e-05	2.681245e+18	9.999756e-05
6.711834e+00	2.718627e+18	-1.119217e+00	2.317922e+18	4.837322e-05	2.594258e+18	9.999270e-05
6.880039e+00	2.736185e+18	-1.072023e+00	2.340191e+18	4.292746e-05	2.508740e+18	9.999786e-05
7.048244e+00	2.745879e+18	-1.029424e+00	2.355875e+18	3.966615e-05	2.425195e+18	9.999279e-05
7.216448e+00	2.748722e+18	-9.907766e-01	2.365700e+18	3.764027e-05	2.343881e+18	9.999977e-05
7.384653e+00	2.745656e+18	-9.555203e-01	2.370365e+18	3.686618e-05	2.264932e+18	9.999569e-05
7.552858e+00	2.737497e+18	-9.231855e-01	2.370489e+18	3.507587e-05	2.188401e+18	9.998717e-05
7.721062e+00	2.724967e+18	-8.933816e-01	2.366631e+18	3.400640e-05	2.114304e+18	9.999609e-05
7.889267e+00	2.708674e+18	-8.657881e-01	2.359271e+18	3.328154e-05	2.042629e+18	9.999767e-05
8.057471e+00	2.689165e+18	-8.401502e-01	2.348851e+18	3.143906e-05	1.973387e+18	9.999010e-05
8.225676e+00	2.666919e+18	-8.162329e-01	2.335763e+18	3.053627e-05	1.906527e+18	9.999983e-05
8.393881e+00	2.642341e+18	-7.938467e-01	2.320346e+18	2.948321e-05	1.841999e+18	9.999801e-05
8.562085e+00	2.615804e+18	-7.728444e-01	2.302915e+18	2.950372e-05	1.779795e+18	9.998275e-05
8.730290e+00	2.587615e+18	-7.530740e-01	2.283736e+18	2.904345e-05	1.719822e+18	9.998538e-05
8.898495e+00	2.558050e+18	-7.344209e-01	2.263050e+18	2.791203e-05	1.662031e+18	9.999267e-05
9.066699e+00	2.527363e+18	-7.167779e-01	2.241083e+18	2.718245e-05	1.606359e+18	9.999350e-05
9.234904e+00	2.495751e+18	-7.000676e-01	2.218013e+18	2.642474e-05	1.552759e+18	9.998953e-05
9.403108e+00	2.463417e+18	-6.842006e-01	2.194026e+18	2.557845e-05	1.501154e+18	9.999488e-05
9.571313e+00	2.430517e+18	-6.691105e-01	2.169267e+18	2.510073e-05	1.451480e+18	9.999485e-05
9.739518e+00	2.397196e+18	-6.547399e-01	2.143873e+18	2.465422e-05	1.403679e+18	9.999608e-05
9.907722e+00	2.363584e+18	-6.410217e-01	2.117968e+18	2.403980e-05	1.357664e+18	9.999239e-05
1.007593e+01	2.329789e+18	-6.279184e-01	2.091658e+18	2.432544e-05	1.313391e+18	9.999471e-05
1.024413e+01	2.295911e+18	-6.153920e-01	2.065041e+18	2.395526e-05	1.270809e+18	9.998843e-05
1.041234e+01	2.262034e+18	-6.033844e-01	2.038203e+18	2.298062e-05	1.229820e+18	9.999503e-05
1.058054e+01	2.228212e+18	-5.918709e-01	2.011201e+18	2.195018e-05	1.190372e+18	9.999130e-05
1.074875e+01	2.194538e+18	-5.808293e-01	1.984128e+18	2.156634e-05	1.152440e+18	9.999821e-05
1.091695e+01	2.161046e+18	-5.702227e-01	1.957024e+18	2.152715e-05	1.115940e+18	9.998901e-05
1.108515e+01	2.127809e+18	-5.599827e-01	1.929963e+18	2.052286e-05	1.080746e+18	9.999933e-05
1.125336e+01	2.094849e+18	-5.501410e-01	1.902975e+18	2.054515e-05	1.046904e+18	9.999776e-05
1.142156e+01	2.062206e+18	-5.406564e-01	1.876103e+18	2.003201e-05	1.014327e+18	9.999014e-05
1.158977e+01	2.029909e+18	-5.315066e-01	1.849383e+18	1.952592e-05	9.829594e+17	9.999176e-05
1.175797e+01	1.997987e+18	-5.226664e-01	1.822849e+18	1.926660e-05	9.527418e+17	9.999728e-05
1.192618e+01	1.966455e+18	-5.141242e-01	1.796521e+18	1.899549e-05	9.236352e+17	9.999404e-05
1.209438e+01	1.935358e+18	-5.058986e-01	1.770449e+18	1.871346e-05	8.956677e+17	9.999770e-05
1.226259e+01	1.904683e+18	-4.979222e-01	1.744627e+18	1.844415e-05	8.686884e+17	9.999759e-05
1.243079e+01	1.874446e+18	-4.902015e-01	1.719077e+18	1.825878e-05	8.426943e+17	9.999629e-05
1.259900e+01	1.844662e+18	-4.827222e-01	1.693819e+18	1.765655e-05	8.176440e+17	9.999649e-05
1.276720e+01	1.815335e+18	-4.754719e-01	1.668863e+18	1.742258e-05	7.934977e+17	9.999318e-05
1.293541e+01	1.786476e+18	-4.684409e-01	1.644224e+18	1.719240e-05	7.702216e+17	9.999460e-05
1.310361e+01	1.758083e+18	-4.616185e-01	1.619907e+18	1.669453e-05	7.477788e+17	9.999667e-05
1.327181e+01	1.730161e+18	-4.549965e-01	1.595921e+18	1.670683e-05	7.261383e+17	9.999133e-05
1.344002e+01	1.702714e+18	-4.485609e-01	1.572275e+18	1.638833e-05	7.052609e+17	9.999584e-05
1.360822e+01	1.675733e+18	-4.423111e-01	1.548967e+18	1.612359e-05	6.851254e+17	9.999875e-05
1.377643e+01	1.649224e+18	-4.362324e-01	1.526005e+18	1.564559e-05	6.656928e+17	9.999940e-05
1.394463e+01	1.623184e+18	-4.303212e-01	1.503392e+18	1.541705e-05	6.469415e+17	9.999995e-05
1.411284e+01	1.597609e+18	-4.245686e-01	1.481128e+18	1.522614e-05	6.288404e+17	9.999703e-05
1.428104e+01	1.572493e+18	-4.189677e-01	1.459212e+18	1.526338e-05	6.113626e+17	9.999832e-05
1.444925e+01	1.547837e+18	-4.135137e-01	1.437648e+18	1.461922e-05	5.944871e+17	9.999795e-05
1.461745e+01	1.523631e+18	-4.081989e-01	1.416431e+18	1.454549e-05	5.781858e+17	9.999427e-05
1.478566e+01	1.499872e+18	-4.030221e-01	1.395562e+18	1.443551e-05	5.624422e+17	9.999626e-05
1.495386e+01	1.476556e+18	-3.979740e-01	1.375039e+18	1.422292e-05	5.472296e+17	9.999980e-05
1.512207e+01	1.453673e+18	-3.930493e-01	1.354858e+18	1.385711e-05	5.325259e+17	9.999454e-05
1.529027e+01	1.431220e+18	-3.882486e-01	1.335018e+18	1.346220e-05	5.183190e+17	9.999679e-05
1.545848e+01	1.409187e+18	-3.835570e-01	1.315513e+18	1.344019e-05	5.045743e+17	9.999604e-05
1.562668e+01	1.387572e+18	-3.789778e-01	1.296343e+18	1.317535e-05	4.912854e+17	9.999948e-05
1.579488e+01	1.366366e+18	-3.745077e-01	1.277503e+18	1.297321e-05	4.784347e+17	9.999776e-05
1.596309e+01	1.345561e+18	-3.701397e-01	1.258988e+18	1.275519e-05	4.660016e+17	9.999392e-05
1.613129e+01	1.325152e+18	-3.658715e-01	1.240796e+18	1.275814e-05	4.539718e+17	9.999724e-05
1.629950e+01	1.305131e+18	-3.616990e-01	1.222921e+18	1.274386e-05	4.423291e+17	9.999435e-05
1.646770e+01	1.285490e+18	-3.576196e-01	1.205358e+18	1.260577e-05	4.310595e+17	9.999497e-05
1.663591e+01	1.266224e+18	-3.536308e-01	1.188104e+18	1.230965e-05	4.201501e+17	9.999924e-05
1.680411e+01	1.247323e+18	-3.497282e-01	1.171153e+18	1.207424e-05	4.095853e+17	9.999815e-05
1.697232e+01	1.228784e+18	-3.459097e-01	1.154502e+18	1.196700e-05	3.993533e+17	9.999838e-05
1.714052e+01	1.210596e+18	-3.421729e-01	1.138144e+18	1.175872e-05	3.894421e+17	9.999802e-05
1.730873e+01	1.192755e+18	-3.385156e-01	1.122076e+18	1.160971e-05	3.798402e+17	9.999489e-05
1.747693e+01	1.175253e+18	-3.349338e-01	1.106293e+18	1.151154e-05	3.705350e+17	9.999472e-05
1.764514e+01	1.158083e+18	-3.314253e-01	1.090790e+18	1.135225e-05	3.615153e+17	9.999881e-05
1.781334e+01	1.141239e+18	-3.279878e-01	1.075561e+18	1.116793e-05	3.527708e+17	9.999686e-05
1.798154e+01	1.124712e+18	-3.246220e-01	1.060602e+18	1.113173e-05	3.442946e+17	9.999929e-05
1.814975e+01	1.108498e+18	-3.213225e-01	1.045908e+18	1.100162e-05	3.360737e+17	9.999942e-05
1.831795e+01	1.092591e+18	-3.180868e-01	1.031475e+18	1.086458e-05	3.280986e+17	9.999902e-05
1.848616e+01	1.076982e+18	-3.149160e-01	1.017297e+18	1.077614e-05	3.203632e+17	9.999715e-05
1.865436e+01	1.061666e+18	-3.118064e-01	1.003370e+18	1.065939e-05	3.128573e+17	9.999898e-05
1.882257e+01	1.046639e+18	-3.087574e-01	9.896899e+17	1.039370e-05	3.055741e+17	9.999870e-05
1.899077e+01	1.031891e+18	-3.057653e-01	9.762510e+17	1.031028e-05	2.985037e+17	9.999745e-05
1.915898e+01	1.017419e+18	-3.028292e-01	9.630491e+17	1.018221e-05	2.916394e+17	9.999926e-05
1.932718e+01	1.003216e+18	-2.999487e-01	9.500796e+17	1.006808e-05	2.849752e+17	9.999744e-05
1.949539e+01	9.892757e+17	-2.971209e-01	9.373381e+17	9.944914e-06	2.785028e+17	9.999967e-05
1.966359e+01	9.755939e+17	-2.943435e-01	9.248204e+17	9.884923e-06	2.722149e+17	9.999982e-05
1.983180e+01	9.621638e+17	-2.916180e-01	9.125214e+17	9.949650e-06	2.661077e+17	9.999954e-05
2.000000e+01	9.494595e+17	4.723153e-03	-2.797871e-01	1.526081e-02	9.496040e+17	-9.008837e+17	2.361577e-03	2.520556e+17	1.507698e-02
2.280445e+01	7.596729e+17	2.549022e-03	-2.376928e-01	1.944528e-02	7.597383e+17	-7.256639e+17	1.274511e-03	1.724851e+17	1.940346e-02
2.600216e+01	6.034203e+17	2.388811e-03	-2.146561e-01	2.284395e-02	6.034530e+17	-5.797836e+17	1.194406e-03	1.244541e+17	2.281270e-02
2.964825e+01	4.747458e+17	3.417048e-03	-1.857016e-01	2.512361e-02	4.747607e+17	-4.584695e+17	1.708524e-03	8.513850e+16	2.506545e-02
3.380561e+01	3.693040e+17	2.639450e-03	-1.613144e-01	4.578927e-02	3.693109e+17	-3.582205e+17	1.319725e-03	5.778613e+16	4.577025e-02
3.854593e+01	2.861056e+17	2.548827e-03	-1.367894e-01	7.155886e-02	2.861085e+17	-2.785875e+17	1.274414e-03	3.810782e+16	7.154751e-02
4.395094e+01	2.203605e+17	2.698883e-03	-1.199238e-01	4.598101e-02	2.203619e+17	-2.152899e+17	1.349441e-03	2.581839e+16	4.596120e-02
5.011386e+01	1.686974e+17	2.544467e-03	-1.022796e-01	5.896178e-02	1.686980e+17	-1.652975e+17	1.272234e-03	1.690657e+16	5.894805e-02
5.714097e+01	1.285244e+17	3.216050e-03	-9.064212e-02	6.368248e-02	1.285246e+17	-1.262554e+17	1.608025e-03	1.144406e+16	6.366218e-02
6.515343e+01	9.725326e+16	2.549249e-03	-8.260375e-02	6.735427e-02	9.725340e+16	-9.574910e+16	1.274625e-03	7.909235e+15	6.734221e-02
7.428942e+01	7.357711e+16	3.124074e-03	-6.095807e-02	9.695012e-02	7.357716e+16	-7.258000e+16	1.562037e-03	4.424337e+15	9.693754e-02
8.470649e+01	5.536960e+16	3.699087e-03	-5.771203e-02	1.453128e-01	5.536962e+16	-5.471206e+16	1.849544e-03	3.157544e+15	1.453010e-01
9.658427e+01	4.161733e+16	3.186979e-03	-5.704513e-02	1.380892e-01	4.161734e+16	-4.118420e+16	1.593490e-03	2.349358e+15	1.380800e-01
1.101276e+02	3.117875e+16	5.973063e-03	-3.970027e-02	1.977856e-01	3.117875e+16	-3.089434e+16	2.986531e-03	1.226514e+15	1.977631e-01
1.255700e+02	2.326626e+16	2.609591e-03	-3.724394e-02	3.064263e-01	2.326626e+16	-2.308023e+16	1.304796e-03	8.595988e+14	3.064235e-01
1.431777e+02	1.739333e+16	2.717418e-03	-2.890375e-02	3.007111e-01	1.739333e+16	-1.727142e+16	1.358709e-03	4.992088e+14	3.007081e-01
1.632545e+02	1.296064e+16	2.776818e-03	-2.817814e-02	4.961423e-01	1.296065e+16	-1.288101e+16	1.388409e-03	3.629629e+14	4.961403e-01
1.861465e+02	9.652926e+15	2.963826e-03	-1.982987e-02	5.489102e-01	9.652927e+15	-9.600930e+15	1.481913e-03	1.903852e+14	5.489082e-01
2.122485e+02	7.183316e+15	4.289857e-03	-1.985151e-02	5.664319e-01	7.183316e+15	-7.149392e+15	2.144929e-03	1.419262e+14	5.664279e-01
2.420105e+02	5.322464e+15	2.837785e-03	-2.733203e-02	4.436973e-01	5.322464e+15	-5.300426e+15	1.418893e-03	1.448714e+14	4.436950e-01
2.759459e+02	3.936701e+15	2.721524e-03	-2.619737e-02	4.142477e-01	3.936701e+15	-3.922409e+15	1.360762e-03	1.027568e+14	4.142454e-01
3.146398e+02	2.901372e+15	2.219949e-03	-7.861483e-03	2.482756e+00	2.901372e+15	-2.892136e+15	1.109974e-03	2.273648e+13	2.482756e+00
3.587595e+02	2.156734e+15	2.305819e-03	-3.056363e-02	5.045974e-01	2.156734e+15	-2.150714e+15	1.152910e-03	6.573363e+13	5.045961e-01
4.090657e+02	1.599223e+15	4.660059e-03	1.814107e-02	1.404060e+00	1.599223e+15	-1.595309e+15	2.330029e-03	-2.894061e+13	1.404058e+00
4.664260e+02	1.176700e+15	2.653707e-03	-1.058720e-02	2.045702e+00	1.176700e+15	-1.174174e+15	1.326853e-03	1.243122e+13	2.045701e+00
5.318296e+02	8.740876e+14	3.429527e-03	-2.593665e-03	6.448983e+00	8.740876e+14	-8.724425e+14	1.714763e-03	2.262824e+12	6.448983e+00
6.064042e+02	6.426864e+14	2.385545e-03	-7.803856e-03	1.993569e+00	6.426864e+14	-6.416257e+14	1.192773e-03	5.007155e+12	1.993569e+00
6.914359e+02	4.748955e+14	2.467084e-03	-6.873329e-03	2.706977e+00	4.748955e+14	-4.742082e+14	1.233542e-03	3.259389e+12	2.706977e+00
7.883909e+02	3.512248e+14	3.925970e-03	-1.299339e-02	1.464366e+00	3.512248e+14	-3.507790e+14	1.962985e-03	4.557809e+12	1.464364e+00
8.989412e+02	2.590661e+14	3.154609e-03	-3.582375e-02	6.602004e-01	2.590661e+14	-2.587777e+14	1.577305e-03	9.270388e+12	6.601985e-01
1.024993e+03	1.909782e+14	3.467547e-03	2.533486e-02	1.270723e+00	1.909782e+14	-1.907918e+14	1.733774e-03	-4.833684e+12	1.270722e+00
1.168721e+03	1.407468e+14	2.737452e-03	9.672425e-02	1.167364e+00	1.407468e+14	-1.406263e+14	1.368726e-03	-1.360197e+13	1.167363e+00
1.332602e+03	1.037199e+14	2.485936e-03	-3.721997e-02	7.041435e-01	1.037199e+14	-1.036420e+14	1.242968e-03	3.857554e+12	7.041424e-01
1.519463e+03	7.644695e+13	2.152011e-03	-1.463356e-02	1.886452e+00	7.644695e+13	-7.639662e+13	1.076006e-03	1.117955e+12	1.886452e+00
1.732526e+03	5.631670e+13	2.848611e-03	-2.521048e-02	1.348041e+00	5.631671e+13	-5.628419e+13	1.424305e-03	1.418952e+12	1.348040e+00
1.975466e+03	4.152644e+13	2.893953e-03	-3.132987e-02	9.901475e-01	4.152643e+13	-4.150541e+13	1.446976e-03	1.300359e+12	9.901465e-01
2.252471e+03	3.062485e+13	2.737027e-03	-4.312939e-02	8.909366e-01	3.062485e+13	-3.061125e+13	1.368514e-03	1.320245e+12	8.909356e-01
2.568319e+03	2.254728e+13	2.283536e-03	-2.273834e-02	1.570664e+00	2.254728e+13	-2.253850e+13	1.141768e-03	5.124881e+11	1.570663e+00
2.928455e+03	1.662140e+13	2.839318e-03	-1.206308e-02	3.558628e+00	1.662140e+13	-1.661572e+13	1.419659e-03	2.004368e+11	3.558627e+00
3.339091e+03	1.224557e+13	2.576103e-03	-3.614536e-02	1.227036e+00	1.224557e+13	-1.224190e+13	1.288051e-03	4.424881e+11	1.227036e+00
3.807308e+03	9.012983e+12	2.649941e-03	-9.586280e-02	4.847513e-01	9.012983e+12	-9.010615e+12	1.324970e-03	8.637827e+11	4.847495e-01
4.341179e+03	6.650654e+12	2.451782e-03	-2.115454e-03	3.996311e+01	6.650655e+12	-6.649122e+12	1.225891e-03	1.406591e+10	3.996311e+01
4.949911e+03	4.888120e+12	2.307599e-03	-4.123152e-02	1.414375e+00	4.888119e+12	-4.887132e+12	1.153800e-03	2.015038e+11	1.414375e+00
5.644001e+03	3.596061e+12	2.266583e-03	-8.996219e-02	6.362909e-01	3.596061e+12	-3.595424e+12	1.133292e-03	3.234522e+11	6.362899e-01
6.435419e+03	2.650506e+12	3.259949e-03	-1.541300e-01	4.334344e-01	2.650506e+12	-2.650094e+12	1.629975e-03	4.084589e+11	4.334314e-01
7.337811e+03	1.958873e+12	2.621111e-03	9.789334e-02	7.188472e-01	1.958873e+12	-1.958606e+12	1.310556e-03	-1.917345e+11	7.188460e-01
8.366739e+03	1.439368e+12	3.142956e-03	-2.090338e-03	5.725153e+01	1.439368e+12	-1.439196e+12	1.571478e-03	3.008407e+09	5.725153e+01
9.539946e+03	1.060520e+12	2.671968e-03	1.814047e-02	3.885457e+00	1.060520e+12	-1.060409e+12	1.335984e-03	-1.923631e+10	3.885457e+00
1.087766e+04	7.789325e+11	2.909854e-03	-6.827463e-02	9.942068e-01	7.789325e+11	-7.788609e+11	1.454927e-03	5.317644e+10	9.942057e-01
1.240296e+04	5.740599e+11	2.198622e-03	1.195780e-01	7.561618e-01	5.740599e+11	-5.740136e+11	1.099311e-03	-6.863942e+10	7.561610e-01
1.414214e+04	4.239705e+11	2.783130e-03	2.504468e-01	1.486646e+00	4.239704e+11	-4.239405e+11	1.391565e-03	-1.061745e+11	1.486645e+00
1.612518e+04	3.115110e+11	2.406485e-03	-1.989588e-01	4.893103e-01	3.115110e+11	-3.114917e+11	1.203242e-03	6.197402e+10	4.893088e-01
1.838630e+04	2.289979e+11	2.424288e-03	-1.317360e-01	7.077321e-01	2.289978e+11	-2.289854e+11	1.212144e-03	3.016561e+10	7.077310e-01
2.096448e+04	1.691235e+11	2.367747e-03	-1.218496e-01	8.692467e-01	1.691235e+11	-1.691154e+11	1.183874e-03	2.060664e+10	8.692459e-01
2.390418e+04	1.247330e+11	3.018094e-03	3.337068e-02	3.498409e+00	1.247330e+11	-1.247278e+11	1.509047e-03	-4.162251e+09	3.498408e+00
2.725609e+04	9.154995e+10	2.606708e-03	-6.982402e-03	1.759496e+01	9.154995e+10	-9.154659e+10	1.303354e-03	6.392151e+08	1.759496e+01
3.107801e+04	6.752150e+10	2.771507e-03	-2.930311e-01	7.146493e-01	6.752150e+10	-6.751933e+10	1.385753e-03	1.978526e+10	7.146479e-01
3.543585e+04	4.949834e+10	2.587300e-03	1.374576e-01	1.045636e+00	4.949834e+10	-4.949694e+10	1.293650e-03	-6.803729e+09	1.045635e+00
4.040477e+04	3.654524e+10	2.982162e-03	6.480688e-02	2.119889e+00	3.654525e+10	-3.654434e+10	1.491081e-03	-2.368325e+09	2.119889e+00
4.607043e+04	2.693044e+10	2.287877e-03	-3.117347e-01	4.532799e-01	2.693044e+10	-2.692986e+10	1.143939e-03	8.394972e+09	4.532785e-01
5.253056e+04	1.978891e+10	2.495175e-03	-1.215331e-01	1.604516e+00	1.978890e+10	-1.978853e+10	1.247588e-03	2.404962e+09	1.604516e+00
5.989653e+04	1.456402e+10	2.392372e-03	-2.165596e-01	9.712044e-01	1.456403e+10	-1.456378e+10	1.196186e-03	3.153927e+09	9.712036e-01
6.829539e+04	1.074355e+10	2.599918e-03	-8.793555e-02	2.100961e+00	1.074354e+10	-1.074339e+10	1.299959e-03	9.447257e+08	2.100960e+00
7.787196e+04	7.910625e+09	2.778677e-03	4.166205e-03	4.366533e+01	7.910624e+09	-7.910523e+09	1.389338e-03	-3.295686e+07	4.366533e+01
8.879138e+04	5.826435e+09	2.755205e-03	9.514052e-02	1.948101e+00	5.826435e+09	-5.826369e+09	1.377603e-03	-5.543238e+08	1.948101e+00
1.012419e+05	4.281148e+09	2.602679e-03	-3.829929e-01	7.027924e-01	4.281148e+09	-4.281106e+09	1.301339e-03	1.639633e+09	7.027912e-01
1.154384e+05	3.158293e+09	2.652332e-03	3.434722e-01	6.328797e-01	3.158294e+09	-3.158266e+09	1.326166e-03	-1.084777e+09	6.328783e-01
1.316255e+05	2.322682e+09	3.672732e-03	1.402233e-01	1.795110e+00	2.322682e+09	-2.322664e+09	1.836366e-03	-3.256917e+08	1.795109e+00
1.500823e+05	1.712192e+09	2.801597e-03	-3.487474e-01	7.815445e-01	1.712192e+09	-1.712181e+09	1.400798e-03	5.971186e+08	7.815432e-01
1.711273e+05	1.260343e+09	2.436111e-03	3.182525e-01	1.064904e+00	1.260344e+09	-1.260336e+09	1.218055e-03	-4.011052e+08	1.064904e+00
1.951232e+05	9.313611e+08	3.737178e-03	8.483834e-01	5.887952e-01	9.313611e+08	-9.313563e+08	1.868589e-03	-7.901473e+08	5.887922e-01
2.224840e+05	6.834045e+08	2.795844e-03	-2.855781e-02	1.131295e+01	6.834045e+08	-6.834014e+08	1.397922e-03	1.951645e+07	1.131295e+01
2.536813e+05	5.041579e+08	3.947806e-03	2.593070e-01	1.151782e+00	5.041578e+08	-5.041559e+08	1.973903e-03	-1.307311e+08	1.151781e+00
2.892532e+05	3.705453e+08	2.825818e-03	3.675295e-01	1.074575e+00	3.705453e+08	-3.705440e+08	1.412909e-03	-1.361859e+08	1.074574e+00
3.298130e+05	2.730303e+08	2.822016e-03	-9.363465e-02	4.818917e+00	2.730304e+08	-2.730295e+08	1.411008e-03	2.556502e+07	4.818916e+00
3.760603e+05	2.007594e+08	2.769066e-03	2.230697e-03	2.071725e+02	2.007595e+08	-2.007589e+08	1.384533e-03	-4.478323e+05	2.071725e+02
4.287925e+05	1.476049e+08	2.719361e-03	-8.742092e-01	4.921610e-01	1.476049e+08	-1.476046e+08	1.359681e-03	1.290373e+08	4.921591e-01
4.889190e+05	1.087046e+08	2.184733e-03	-4.268737e-01	1.086976e+00	1.087046e+08	-1.087044e+08	1.092366e-03	4.640304e+07	1.086976e+00
5.574765e+05	8.019898e+07	2.483846e-03	2.582490e-01	1.741073e+00	8.019898e+07	-8.019884e+07	1.241923e-03	-2.071127e+07	1.741072e+00
6.356474e+05	5.895026e+07	2.734735e-03	-5.599830e-01	1.034524e+00	5.895026e+07	-5.895017e+07	1.367367e-03	3.301110e+07	1.034523e+00
7.247797e+05	4.357635e+07	3.940428e-03	-3.562640e-02	1.333851e+01	4.357635e+07	-4.357629e+07	1.970214e-03	1.552466e+06	1.333851e+01
8.264103e+05	3.192814e+07	2.512182e-03	3.258725e-01	2.288184e+00	3.192813e+07	-3.192810e+07	1.256091e-03	-1.040449e+07	2.288183e+00
9.422918e+05	2.360798e+07	3.385813e-03	-6.877501e+00	9.996246e-01	2.360797e+07	-2.360795e+07	1.692907e-03	1.623637e+08	9.996232e-01
1.074423e+06	1.729081e+07	2.780061e-03	-2.855769e-01	2.654195e+00	1.729080e+07	-1.729079e+07	1.390030e-03	4.937849e+06	2.654194e+00
1.225081e+06	1.274165e+07	2.767714e-03	6.578493e-01	1.108972e+00	1.274165e+07	-1.274164e+07	1.383857e-03	-8.382076e+06	1.108972e+00
1.396865e+06	9.383420e+06	2.590255e-03	3.126598e-01	2.955264e+00	9.383420e+06	-9.383413e+06	1.295127e-03	-2.933816e+06	2.955264e+00
1.592737e+06	6.925069e+06	2.618879e-03	-1.193496e+00	7.840827e-01	6.925069e+06	-6.925065e+06	1.309439e-03	8.265034e+06	7.840816e-01
1.816075e+06	5.077437e+06	2.520468e-03	-1.297188e+00	7.740776e-01	5.077437e+06	-5.077434e+06	1.260234e-03	6.586387e+06	7.740766e-01
2.070731e+06	3.752382e+06	3.575173e-03	-4.035170e+00	1.473898e+00	3.752382e+06	-3.752380e+06	1.787587e-03	1.514149e+07	1.473897e+00
2.361094e+06	2.761264e+06	2.563421e-03	-3.156171e-01	3.985612e+00	2.761264e+06	-2.761263e+06	1.281711e-03	8.715018e+05	3.985612e+00
2.692173e+06	2.029597e+06	2.571218e-03	1.565535e+00	8.172707e-01	2.029597e+06	-2.029596e+06	1.285609e-03	-3.177403e+06	8.172696e-01
3.069677e+06	1.493996e+06	2.288567e-03	6.961067e-02	1.817169e+01	1.493997e+06	-1.493996e+06	1.144284e-03	-1.039981e+05	1.817169e+01
3.500116e+06	1.101325e+06	2.656736e-03	2.612880e+00	6.329670e-01	1.101325e+06	-1.101325e+06	1.328368e-03	-2.877630e+06	6.329656e-01
3.990912e+06	8.100590e+05	2.562547e-03	-5.633427e-02	3.234884e+01	8.100590e+05	-8.100588e+05	1.281273e-03	4.563408e+04	3.234884e+01
4.550528e+06	5.983796e+05	3.336886e-03	2.016752e+00	7.833832e-01	5.983796e+05	-5.983795e+05	1.668443e-03	-1.206783e+06	7.833815e-01
5.188616e+06	4.394555e+05	3.096794e-03	5.504359e-01	3.632741e+00	4.394554e+05	-4.394554e+05	1.548397e-03	-2.418920e+05	3.632741e+00
5.916178e+06	3.237701e+05	2.527989e-03	2.622391e+00	7.908369e-01	3.237700e+05	-3.237700e+05	1.263994e-03	-8.490515e+05	7.908359e-01
6.745760e+06	2.384692e+05	2.537156e-03	-4.761391e+00	3.996136e-01	2.384692e+05	-2.384692e+05	1.268578e-03	1.135445e+06	3.996116e-01
7.691669e+06	1.757975e+05	2.974790e-03	-7.471152e-01	2.509663e+00	1.757976e+05	-1.757975e+05	1.487395e-03	1.313410e+05	2.509663e+00
8.770216e+06	1.293331e+05	2.509300e-03	-8.522209e-01	2.612562e+00	1.293331e+05	-1.293331e+05	1.254650e-03	1.102204e+05	2.612562e+00
1.000000e+07	9.529549e+04	2.668754e-03	-4.917621e+00	8.700214e-01	9.529549e+04	-9.529548e+04	1.334377e-03	4.686271e+05	8.700204e-01
