2.114719e+00	0.000000e+00	-2.857845e+00	0.000000e+00	0.000000e+00	0.000000e+00	0.000000e+00
2.220455e+00	3.147027e+16	-2.812366e+00	3.012625e+16	9.991231e-05	8.472605e+16	9.999986e-05
2.398251e+00	3.731758e+17	-2.756241e+00	3.421952e+17	9.999665e-05	9.431722e+17	9.934006e-05
2.576046e+00	9.501200e+17	-2.715109e+00	8.503821e+17	9.999831e-05	2.308880e+18	9.889675e-05
2.753842e+00	1.554426e+18	-2.683010e+00	1.371222e+18	9.999644e-05	3.679002e+18	9.815840e-05
2.931637e+00	2.101290e+18	-2.654854e+00	1.836159e+18	9.999830e-05	4.874733e+18	9.650754e-05
3.109432e+00	2.555969e+18	-2.629818e+00	2.220084e+18	9.999788e-05	5.838417e+18	9.624796e-05
3.287228e+00	2.927260e+18	-2.605601e+00	2.532423e+18	9.999748e-05	6.598486e+18	9.633866e-05
3.465023e+00	3.220538e+18	-2.582535e+00	2.779487e+18	9.999230e-05	7.178123e+18	9.486839e-05
3.642819e+00	3.449738e+18	-2.559538e+00	2.973236e+18	9.998435e-05	7.610111e+18	9.367957e-05
3.820614e+00	3.625670e+18	-2.536299e+00	3.122933e+18	9.999374e-05	7.920690e+18	9.508763e-05
3.998410e+00	3.758213e+18	-2.512160e+00	3.236670e+18	9.999770e-05	8.131034e+18	9.571152e-05
4.176205e+00	3.855380e+18	-2.486889e+00	3.321097e+18	9.999026e-05	8.259199e+18	9.518204e-05
4.354001e+00	3.922557e+18	-2.460634e+00	3.380745e+18	9.998556e-05	8.318774e+18	9.551708e-05
4.531796e+00	3.966581e+18	-2.432737e+00	3.421064e+18	9.998825e-05	8.322549e+18	9.464567e-05
4.709592e+00	3.991293e+18	-2.403127e+00	3.445217e+18	9.999163e-05	8.279295e+18	8.871029e-05
4.887387e+00	4.000930e+18	-2.371612e+00	3.456690e+18	9.999541e-05	8.197929e+18	9.172713e-05
5.065182e+00	3.998224e+18	-2.337829e+00	3.457657e+18	9.993733e-05	8.083409e+18	9.038225e-05
5.242978e+00	3.986201e+18	-2.301367e+00	3.450580e+18	9.999353e-05	7.941051e+18	9.658225e-05
5.420773e+00	3.967063e+18	-2.261656e+00	3.437217e+18	9.999818e-05	7.773804e+18	9.917591e-05
5.598569e+00	3.943538e+18	-2.217366e+00	3.419669e+18	9.997936e-05	7.582658e+18	9.332844e-05
5.776364e+00	3.917857e+18	-2.167423e+00	3.399756e+18	9.998964e-05	7.368710e+18	9.467117e-05
5.954160e+00	3.889584e+18	-2.112710e+00	3.377404e+18	9.999103e-05	7.135476e+18	9.848878e-05
6.131955e+00	3.858295e+18	-2.055388e+00	3.352678e+18	9.825543e-05	6.891054e+18	9.998937e-05
6.309751e+00	3.823513e+18	-1.997121e+00	3.325380e+18	9.311442e-05	6.641185e+18	9.999287e-05
6.487546e+00	3.788021e+18	-1.939787e+00	3.298091e+18	9.226656e-05	6.397594e+18	9.998134e-05
6.665341e+00	3.742351e+18	-1.883066e+00	3.262370e+18	8.604180e-05	6.143259e+18	9.998282e-05
6.843137e+00	3.696258e+18	-1.828795e+00	3.226800e+18	8.213095e-05	5.901155e+18	9.997825e-05
7.020932e+00	3.646952e+18	-1.776910e+00	3.188786e+18	7.263600e-05	5.666186e+18	9.998743e-05
7.198728e+00	3.594890e+18	-1.727577e+00	3.148614e+18	7.128616e-05	5.439473e+18	9.998863e-05
7.376523e+00	3.540553e+18	-1.680799e+00	3.106592e+18	6.471342e-05	5.221557e+18	9.997610e-05
7.554319e+00	3.484343e+18	-1.636453e+00	3.062969e+18	6.230093e-05	5.012406e+18	9.999200e-05
7.732114e+00	3.426723e+18	-1.594494e+00	3.018075e+18	5.963784e-05	4.812302e+18	9.999854e-05
7.909910e+00	3.368106e+18	-1.554782e+00	2.972205e+18	5.822843e-05	4.621130e+18	9.998662e-05
8.087705e+00	3.308800e+18	-1.517137e+00	2.925576e+18	5.576958e-05	4.438501e+18	9.998299e-05
8.265500e+00	3.249138e+18	-1.481437e+00	2.878441e+18	5.321718e-05	4.264228e+18	9.999740e-05
8.443296e+00	3.189412e+18	-1.447499e+00	2.831028e+18	5.386274e-05	4.097909e+18	9.998896e-05
8.621091e+00	3.129790e+18	-1.415191e+00	2.783465e+18	5.145429e-05	3.939134e+18	9.998161e-05
8.798887e+00	3.070508e+18	-1.384393e+00	2.735946e+18	5.056542e-05	3.787624e+18	9.999517e-05
8.976682e+00	3.011728e+18	-1.354951e+00	2.688608e+18	4.911774e-05	3.642933e+18	9.999358e-05
9.154478e+00	2.953554e+18	-1.326813e+00	2.641542e+18	4.896795e-05	3.504833e+18	9.999886e-05
9.332273e+00	2.896095e+18	-1.299887e+00	2.594845e+18	4.631259e-05	3.373006e+18	9.999571e-05
9.510069e+00	2.839454e+18	-1.274046e+00	2.548612e+18	4.501145e-05	3.247049e+18	9.999858e-05
9.687864e+00	2.783685e+18	-1.249261e+00	2.502898e+18	4.397903e-05	3.126773e+18	9.998072e-05
9.865659e+00	2.728842e+18	-1.225447e+00	2.457757e+18	4.319617e-05	3.011852e+18	9.999213e-05
1.004345e+01	2.674984e+18	-1.202545e+00	2.413251e+18	4.166864e-05	2.902042e+18	9.999335e-05
1.022125e+01	2.622121e+18	-1.180501e+00	2.369399e+18	4.114663e-05	2.797079e+18	9.998243e-05
1.039905e+01	2.570282e+18	-1.159262e+00	2.326235e+18	3.999919e-05	2.696715e+18	9.999646e-05
1.057684e+01	2.519493e+18	-1.138780e+00	2.283793e+18	3.904286e-05	2.600738e+18	9.998419e-05
1.075464e+01	2.469750e+18	-1.119021e+00	2.242080e+18	3.835518e-05	2.508933e+18	9.998668e-05
1.093243e+01	2.421065e+18	-1.099930e+00	2.201116e+18	3.778699e-05	2.421073e+18	9.999567e-05
1.111023e+01	2.373431e+18	-1.081487e+00	2.160905e+18	3.644160e-05	2.336992e+18	9.999165e-05
1.128802e+01	2.326848e+18	-1.063654e+00	2.121457e+18	3.571809e-05	2.256496e+18	9.999844e-05
1.146582e+01	2.281305e+18	-1.046396e+00	2.082772e+18	3.564525e-05	2.179404e+18	9.999062e-05
1.164361e+01	2.236795e+18	-1.029685e+00	2.044852e+18	3.466802e-05	2.105553e+18	9.999445e-05
1.182141e+01	2.193301e+18	-1.013495e+00	2.007691e+18	3.428476e-05	2.034785e+18	9.999784e-05
1.199920e+01	2.150814e+18	-9.977910e-01	1.971289e+18	3.529459e-05	1.966934e+18	9.998984e-05
1.217700e+01	2.109310e+18	-9.825839e-01	1.935634e+18	3.453120e-05	1.901923e+18	9.998878e-05
1.235480e+01	2.068785e+18	-9.678122e-01	1.900730e+18	3.257002e-05	1.839550e+18	9.999563e-05
1.253259e+01	2.029212e+18	-9.534831e-01	1.866559e+18	3.179855e-05	1.779732e+18	9.999781e-05
1.271039e+01	1.990558e+18	-9.395595e-01	1.833100e+18	3.159691e-05	1.722306e+18	9.999991e-05
1.288818e+01	1.952826e+18	-9.260267e-01	1.800361e+18	3.115522e-05	1.667183e+18	9.999818e-05
1.306598e+01	1.915990e+18	-9.128705e-01	1.768326e+18	3.143415e-05	1.614252e+18	9.998673e-05
1.324377e+01	1.880034e+18	-9.000729e-01	1.736986e+18	3.015287e-05	1.563414e+18	9.999799e-05
1.342157e+01	1.844929e+18	-8.876409e-01	1.706322e+18	2.957422e-05	1.514601e+18	9.999754e-05
1.359936e+01	1.810662e+18	-8.755277e-01	1.676326e+18	2.899711e-05	1.467670e+18	9.999311e-05
1.377716e+01	1.777210e+18	-8.637295e-01	1.646984e+18	2.879007e-05	1.422548e+18	9.999879e-05
1.395495e+01	1.744551e+18	-8.522481e-01	1.618280e+18	2.792158e-05	1.379176e+18	9.998692e-05
1.413275e+01	1.712669e+18	-8.410530e-01	1.590205e+18	2.763747e-05	1.337446e+18	9.999942e-05
1.431055e+01	1.681538e+18	-8.301476e-01	1.562740e+18	2.751876e-05	1.297305e+18	9.999890e-05
1.448834e+01	1.651148e+18	-8.195057e-01	1.535879e+18	2.689148e-05	1.258662e+18	9.998802e-05
1.466614e+01	1.621475e+18	-8.091291e-01	1.509605e+18	2.680454e-05	1.221465e+18	9.999518e-05
1.484393e+01	1.592504e+18	-7.989994e-01	1.483909e+18	2.605340e-05	1.185642e+18	9.998793e-05
1.502173e+01	1.564208e+18	-7.891238e-01	1.458769e+18	2.564745e-05	1.151150e+18	9.999750e-05
1.519952e+01	1.536579e+18	-7.794796e-01	1.434181e+18	2.552678e-05	1.117915e+18	9.999455e-05
1.537732e+01	1.509595e+18	-7.700561e-01	1.410129e+18	2.492464e-05	1.085879e+18	9.999362e-05
1.555511e+01	1.483242e+18	-7.608497e-01	1.386602e+18	2.459249e-05	1.054996e+18	9.999999e-05
1.573291e+01	1.457500e+18	-7.518511e-01	1.363586e+18	2.462809e-05	1.025214e+18	9.999987e-05
1.591070e+01	1.432348e+18	-7.430764e-01	1.341065e+18	2.353165e-05	9.965139e+17	9.998943e-05
1.608850e+01	1.407779e+18	-7.344856e-01	1.319033e+18	2.331766e-05	9.688105e+17	9.999474e-05
1.626630e+01	1.383774e+18	-7.260843e-01	1.297477e+18	2.310831e-05	9.420779e+17	9.999890e-05
1.644409e+01	1.360317e+18	-7.178694e-01	1.276384e+18	2.278456e-05	9.162773e+17	9.999086e-05
1.662189e+01	1.337396e+18	-7.098299e-01	1.255746e+18	2.251619e-05	8.913661e+17	9.999842e-05
1.679968e+01	1.314994e+18	-7.019619e-01	1.235548e+18	2.230722e-05	8.673075e+17	9.999405e-05
1.697748e+01	1.293097e+18	-6.942631e-01	1.215781e+18	2.171410e-05	8.440719e+17	9.999092e-05
1.715527e+01	1.271696e+18	-6.867274e-01	1.196437e+18	2.193828e-05	8.216258e+17	9.999985e-05
1.733307e+01	1.250771e+18	-6.793466e-01	1.177501e+18	2.127280e-05	7.999313e+17	9.999572e-05
1.751086e+01	1.230313e+18	-6.721150e-01	1.158965e+18	2.118167e-05	7.789575e+17	9.999353e-05
1.768866e+01	1.210309e+18	-6.650323e-01	1.140819e+18	2.066745e-05	7.586816e+17	9.999352e-05
1.786645e+01	1.190747e+18	-6.580909e-01	1.123054e+18	2.039841e-05	7.390718e+17	9.999466e-05
1.804425e+01	1.171616e+18	-6.512852e-01	1.105661e+18	2.012467e-05	7.201004e+17	9.999700e-05
1.822205e+01	1.152901e+18	-6.446200e-01	1.088628e+18	1.975877e-05	7.017514e+17	9.999705e-05
1.839984e+01	1.134596e+18	-6.380809e-01	1.071950e+18	1.957845e-05	6.839905e+17	9.999379e-05
1.857764e+01	1.116686e+18	-6.316699e-01	1.055615e+18	1.926562e-05	6.668004e+17	9.999787e-05
1.875543e+01	1.099163e+18	-6.253811e-01	1.039617e+18	1.895303e-05	6.501565e+17	9.999940e-05
1.893323e+01	1.082017e+18	-6.192127e-01	1.023947e+18	1.869340e-05	6.340407e+17	9.999473e-05
1.911102e+01	1.065236e+18	-6.131591e-01	1.008596e+18	1.858194e-05	6.184297e+17	9.999483e-05
1.928882e+01	1.048811e+18	-6.072163e-01	9.935564e+17	1.845366e-05	6.033036e+17	9.999446e-05
1.946661e+01	1.032735e+18	-6.013904e-01	9.788222e+17	1.805527e-05	5.886542e+17	9.999459e-05
1.964441e+01	1.016995e+18	-5.956698e-01	9.643835e+17	1.776570e-05	5.744542e+17	9.999984e-05
1.982220e+01	1.001586e+18	-5.900518e-01	9.502348e+17	1.770318e-05	5.606877e+17	9.999749e-05
2.000000e+01	9.856418e+17	3.338140e-03	-5.683434e-01	2.415737e-02	9.861264e+17	-9.355330e+17	1.669070e-03	5.317039e+17	2.409964e-02
2.280445e+01	7.850766e+17	7.447792e-03	-4.948102e-01	1.217366e-02	7.853045e+17	-7.500834e+17	3.723896e-03	3.711489e+17	1.159010e-02
2.600216e+01	6.188918e+17	4.261328e-03	-4.388373e-01	1.188520e-02	6.190012e+17	-5.947218e+17	2.130664e-03	2.609861e+17	1.169266e-02
2.964825e+01	4.833540e+17	2.485584e-03	-3.767370e-01	1.654009e-02	4.834031e+17	-4.668151e+17	1.242792e-03	1.758665e+17	1.649333e-02
3.380561e+01	3.769436e+17	3.036592e-03	-3.200227e-01	1.540558e-02	3.769651e+17	-3.656448e+17	1.518296e-03	1.170146e+17	1.533058e-02
3.854593e+01	2.900784e+17	2.718140e-03	-2.751292e-01	3.330210e-02	2.900879e+17	-2.824622e+17	1.359070e-03	7.771359e+16	3.327436e-02
4.395094e+01	2.232787e+17	3.007272e-03	-2.305786e-01	4.022803e-02	2.232826e+17	-2.181434e+17	1.503636e-03	5.029919e+16	4.019992e-02
5.011386e+01	1.697540e+17	2.695209e-03	-2.304292e-01	6.938730e-02	1.697563e+17	-1.663345e+17	1.347604e-03	3.832832e+16	6.937421e-02
5.714097e+01	1.294666e+17	2.577957e-03	-2.026051e-01	6.437841e-02	1.294676e+17	-1.271817e+17	1.288979e-03	2.576767e+16	6.436551e-02
6.515343e+01	9.805853e+16	3.278324e-03	-1.595581e-01	4.714484e-02	9.805892e+16	-9.654216e+16	1.639162e-03	1.540409e+16	4.711633e-02
7.428942e+01	7.402660e+16	3.214784e-03	-1.413250e-01	4.782312e-02	7.402677e+16	-7.302352e+16	1.607392e-03	1.032005e+16	4.779610e-02
8.470649e+01	5.567170e+16	2.653478e-03	-1.141313e-01	1.004275e-01	5.567176e+16	-5.501061e+16	1.326739e-03	6.278434e+15	1.004188e-01
9.658427e+01	4.176395e+16	2.687373e-03	-1.161227e-01	7.256208e-02	4.176399e+16	-4.132932e+16	1.343686e-03	4.799272e+15	7.254964e-02
1.101276e+02	3.130507e+16	3.527045e-03	-8.588851e-02	1.254735e-01	3.130509e+16	-3.101952e+16	1.763522e-03	2.664221e+15	1.254611e-01
1.255700e+02	2.341722e+16	3.055281e-03	-7.767203e-02	1.065736e-01	2.341722e+16	-2.322999e+16	1.527641e-03	1.804320e+15	1.065627e-01
1.431777e+02	1.744341e+16	2.738305e-03	-7.863099e-02	1.285131e-01	1.744341e+16	-1.732115e+16	1.369152e-03	1.361979e+15	1.285059e-01
1.632545e+02	1.299705e+16	2.712651e-03	-7.924521e-02	1.237289e-01	1.299705e+16	-1.291719e+16	1.356325e-03	1.023625e+15	1.237215e-01
1.861465e+02	9.631407e+15	2.331362e-03	-4.388844e-02	2.825676e-01	9.631408e+15	-9.579527e+15	1.165681e-03	4.204305e+14	2.825652e-01
2.122485e+02	7.169468e+15	2.775571e-03	-6.258855e-02	1.977257e-01	7.169469e+15	-7.135610e+15	1.387785e-03	4.466075e+14	1.977209e-01
2.420105e+02	5.310685e+15	2.422727e-03	-5.857005e-02	3.245229e-01	5.310685e+15	-5.288696e+15	1.211364e-03	3.097592e+14	3.245206e-01
2.759459e+02	3.942984e+15	2.763174e-03	-5.089975e-02	2.689733e-01	3.942984e+15	-3.928669e+15	1.381587e-03	1.999683e+14	2.689698e-01
3.146398e+02	2.913611e+15	2.480209e-03	-2.958258e-02	5.187354e-01	2.913611e+15	-2.904336e+15	1.240105e-03	8.591777e+13	5.187339e-01
3.587595e+02	2.157143e+15	2.407965e-03	-5.273404e-02	3.493599e-01	2.157143e+15	-2.151122e+15	1.203983e-03	1.134374e+14	3.493579e-01
4.090657e+02	1.600900e+15	3.221258e-03	-4.233818e-02	3.737521e-01	1.600901e+15	-1.596982e+15	1.610629e-03	6.761332e+13	3.737486e-01
4.664260e+02	1.179633e+15	2.310706e-03	-1.104306e-02	1.678134e+00	1.179633e+15	-1.177101e+15	1.155353e-03	1.299879e+13	1.678134e+00
5.318296e+02	8.710742e+14	2.470655e-03	-2.101595e-02	9.975000e-01	8.710742e+14	-8.694348e+14	1.235327e-03	1.827200e+13	9.974993e-01
6.064042e+02	6.453788e+14	2.741487e-03	-3.726811e-02	6.163277e-01	6.453788e+14	-6.443137e+14	1.370744e-03	2.401236e+13	6.163262e-01
6.914359e+02	4.748529e+14	3.016338e-03	-2.725624e-02	8.463891e-01	4.748529e+14	-4.741656e+14	1.508169e-03	1.292397e+13	8.463878e-01
7.883909e+02	3.506857e+14	2.841575e-03	-2.551345e-02	8.908335e-01	3.506857e+14	-3.502406e+14	1.420787e-03	8.935845e+12	8.908324e-01
8.989412e+02	2.584890e+14	2.369117e-03	5.664789e-02	5.364185e-01	2.584890e+14	-2.582013e+14	1.184558e-03	-1.462656e+13	5.364172e-01
1.024993e+03	1.903306e+14	2.370719e-03	-5.284658e-02	5.125902e-01	1.903305e+14	-1.901448e+14	1.185360e-03	1.004850e+13	5.125888e-01
1.168721e+03	1.406720e+14	2.639716e-03	-4.442843e-03	6.501675e+00	1.406720e+14	-1.405516e+14	1.319858e-03	6.244487e+11	6.501675e+00
1.332602e+03	1.040160e+14	2.919258e-03	-1.343199e-02	2.296515e+00	1.040160e+14	-1.039379e+14	1.459629e-03	1.396092e+12	2.296514e+00
1.519463e+03	7.643137e+13	2.285672e-03	-5.197198e-03	6.662471e+00	7.643136e+13	-7.638105e+13	1.142836e-03	3.969674e+11	6.662471e+00
1.732526e+03	5.643379e+13	2.735078e-03	2.930474e-03	1.070877e+01	5.643379e+13	-5.640121e+13	1.367539e-03	-1.652823e+11	1.070877e+01
1.975466e+03	4.167208e+13	3.286498e-03	-4.828897e-02	7.438589e-01	4.167208e+13	-4.165098e+13	1.643249e-03	2.011283e+12	7.438570e-01
2.252471e+03	3.058839e+13	2.337507e-03	-6.197445e-03	6.769039e+00	3.058840e+13	-3.057481e+13	1.168754e-03	1.894857e+11	6.769039e+00
2.568319e+03	2.257517e+13	2.983636e-03	8.526453e-03	4.819383e+00	2.257517e+13	-2.256638e+13	1.491818e-03	-1.924112e+11	4.819383e+00
2.928455e+03	1.660850e+13	2.336602e-03	4.713285e-02	9.444892e-01	1.660850e+13	-1.660283e+13	1.168301e-03	-7.825385e+11	9.444885e-01
3.339091e+03	1.227962e+13	3.116220e-03	1.978225e-02	2.152051e+00	1.227962e+13	-1.227594e+13	1.558110e-03	-2.428457e+11	2.152050e+00
3.807308e+03	9.007027e+12	2.768072e-03	2.267079e-02	2.368733e+00	9.007028e+12	-9.004661e+12	1.384036e-03	-2.041428e+11	2.368732e+00
4.341179e+03	6.654381e+12	2.937423e-03	-7.671413e-02	7.282611e-01	6.654381e+12	-6.652848e+12	1.468711e-03	5.103674e+11	7.282596e-01
4.949911e+03	4.898525e+12	3.221956e-03	6.247218e-02	8.573280e-01	4.898525e+12	-4.897535e+12	1.610978e-03	-3.059597e+11	8.573265e-01
5.644001e+03	3.599411e+12	2.124141e-03	-5.409565e-02	1.094985e+00	3.599411e+12	-3.598773e+12	1.062070e-03	1.946780e+11	1.094984e+00
6.435419e+03	2.656909e+12	2.770166e-03	-9.239128e-02	7.695206e-01	2.656909e+12	-2.656496e+12	1.385083e-03	2.454371e+11	7.695193e-01
7.337811e+03	1.954656e+12	2.535014e-03	-1.675574e-01	6.478882e-01	1.954656e+12	-1.954390e+12	1.267507e-03	3.274724e+11	6.478869e-01
8.366739e+03	1.436097e+12	2.597177e-03	-4.496266e-02	1.578874e+00	1.436097e+12	-1.435925e+12	1.298588e-03	6.456303e+10	1.578874e+00
9.539946e+03	1.060009e+12	2.644269e-03	3.914782e-02	2.203821e+00	1.060010e+12	-1.059898e+12	1.322135e-03	-4.149271e+10	2.203821e+00
1.087766e+04	7.789492e+11	2.165735e-03	-1.119316e-01	1.019007e+00	7.789492e+11	-7.788776e+11	1.082867e-03	8.718103e+10	1.019007e+00
1.240296e+04	5.745397e+11	2.363465e-03	-2.351442e-01	7.362827e-01	5.745398e+11	-5.744934e+11	1.181733e-03	1.350888e+11	7.362817e-01
1.414214e+04	4.238643e+11	3.005411e-03	6.831253e-02	1.283924e+00	4.238643e+11	-4.238343e+11	1.502706e-03	-2.895319e+10	1.283923e+00
1.612518e+04	3.120076e+11	3.192494e-03	-1.257147e-01	7.436098e-01	3.120076e+11	-3.119883e+11	1.596247e-03	3.922151e+10	7.436081e-01
1.838630e+04	2.294082e+11	4.508976e-03	-1.887136e-03	5.914739e+01	2.294082e+11	-2.293957e+11	2.254488e-03	4.329010e+08	5.914739e+01
2.096448e+04	1.687587e+11	2.367970e-03	-6.908353e-03	1.594040e+01	1.687588e+11	-1.687507e+11	1.183985e-03	1.165790e+09	1.594040e+01
2.390418e+04	1.242165e+11	2.531159e-03	-8.331406e-02	1.271664e+00	1.242165e+11	-1.242113e+11	1.265579e-03	1.034855e+10	1.271663e+00
2.725609e+04	9.165513e+10	3.213317e-03	-4.184241e-02	2.757720e+00	9.165513e+10	-9.165177e+10	1.606658e-03	3.834931e+09	2.757720e+00
3.107801e+04	6.736136e+10	2.613947e-03	-3.168923e-01	4.127780e-01	6.736136e+10	-6.735919e+10	1.306973e-03	2.134561e+10	4.127760e-01
3.543585e+04	4.968389e+10	2.636683e-03	-5.121778e-01	3.813731e-01	4.968389e+10	-4.968249e+10	1.318342e-03	2.544627e+10	3.813708e-01
4.040477e+04	3.654915e+10	2.436669e-03	-7.600575e-03	2.281967e+01	3.654915e+10	-3.654825e+10	1.218334e-03	2.777877e+08	2.281967e+01
4.607043e+04	2.688810e+10	2.539093e-03	1.583424e-01	1.273035e+00	2.688810e+10	-2.688752e+10	1.269546e-03	-4.257433e+09	1.273035e+00
5.253056e+04	1.982245e+10	2.642202e-03	-1.730415e-01	1.450057e+00	1.982245e+10	-1.982207e+10	1.321101e-03	3.430040e+09	1.450056e+00
5.989653e+04	1.458376e+10	2.484287e-03	4.514270e-01	8.495771e-01	1.458377e+10	-1.458352e+10	1.242144e-03	-6.583396e+09	8.495762e-01
6.829539e+04	1.071620e+10	2.758720e-03	-3.450372e-01	4.956128e-01	1.071619e+10	-1.071604e+10	1.379360e-03	3.697431e+09	4.956108e-01
7.787196e+04	7.916077e+09	2.532950e-03	-3.209183e-01	8.025885e-01	7.916077e+09	-7.915975e+09	1.266475e-03	2.540381e+09	8.025875e-01
8.879138e+04	5.816441e+09	2.359150e-03	-2.021627e-01	9.753134e-01	5.816441e+09	-5.816375e+09	1.179575e-03	1.175854e+09	9.753127e-01
1.012419e+05	4.285398e+09	2.918164e-03	4.546020e-01	5.648564e-01	4.285398e+09	-4.285356e+09	1.459082e-03	-1.948131e+09	5.648545e-01
1.154384e+05	3.155893e+09	2.473327e-03	-3.207515e-01	7.432378e-01	3.155893e+09	-3.155866e+09	1.236664e-03	1.012249e+09	7.432368e-01
1.316255e+05	2.323196e+09	2.352319e-03	-2.982790e-01	1.008196e+00	2.323196e+09	-2.323178e+09	1.176159e-03	6.929552e+08	1.008195e+00
1.500823e+05	1.707424e+09	2.924810e-03	-1.542194e-01	2.020520e+00	1.707424e+09	-1.707413e+09	1.462405e-03	2.633162e+08	2.020520e+00
1.711273e+05	1.261131e+09	2.834468e-03	5.307434e-02	8.191368e+00	1.261131e+09	-1.261124e+09	1.417234e-03	-6.693333e+07	8.191368e+00
1.951232e+05	9.293486e+08	2.919677e-03	-3.211901e-01	1.214306e+00	9.293486e+08	-9.293438e+08	1.459839e-03	2.984961e+08	1.214305e+00
2.224840e+05	6.821128e+08	2.580556e-03	-8.615106e-01	4.095275e-01	6.821127e+08	-6.821097e+08	1.290278e-03	5.876447e+08	4.095255e-01
2.536813e+05	5.026910e+08	2.932507e-03	-4.520173e-01	1.171128e+00	5.026910e+08	-5.026890e+08	1.466253e-03	2.272242e+08	1.171127e+00
2.892532e+05	3.712206e+08	8.277002e-03	1.774172e-01	2.265345e+00	3.712206e+08	-3.712193e+08	4.138501e-03	-6.586070e+07	2.265341e+00
3.298130e+05	2.732815e+08	3.266728e-03	5.730997e-02	6.720138e+00	2.732815e+08	-2.732807e+08	1.633364e-03	-1.566171e+07	6.720138e+00
3.760603e+05	2.011056e+08	2.625860e-03	9.228668e-01	8.636365e-01	2.011057e+08	-2.011051e+08	1.312930e-03	-1.855932e+08	8.636355e-01
4.287925e+05	1.475703e+08	2.317902e-03	-1.177915e+00	3.956538e-01	1.475704e+08	-1.475700e+08	1.158951e-03	1.738250e+08	3.956521e-01
4.889190e+05	1.088946e+08	3.255288e-03	-8.841918e-02	6.686392e+00	1.088947e+08	-1.088944e+08	1.627644e-03	9.628357e+06	6.686392e+00
5.574765e+05	8.009133e+07	2.819412e-03	-4.704980e-01	1.276119e+00	8.009133e+07	-8.009119e+07	1.409706e-03	3.768274e+07	1.276118e+00
6.356474e+05	5.904282e+07	2.944923e-03	-1.402397e+00	4.256306e-01	5.904282e+07	-5.904273e+07	1.472461e-03	8.280133e+07	4.256281e-01
7.247797e+05	4.344782e+07	2.507670e-03	-2.993802e-01	1.904726e+00	4.344782e+07	-4.344776e+07	1.253835e-03	1.300740e+07	1.904726e+00
8.264103e+05	3.203399e+07	3.733424e-03	-2.433120e+00	5.056706e-01	3.203399e+07	-3.203395e+07	1.866712e-03	7.794246e+07	5.056672e-01
9.422918e+05	2.353859e+07	5.889631e-03	-1.262080e+00	6.996064e-01	2.353859e+07	-2.353857e+07	2.944816e-03	2.970756e+07	6.996002e-01
1.074423e+06	1.729831e+07	2.409685e-03	-5.585118e+00	1.092914e+00	1.729831e+07	-1.729829e+07	1.204842e-03	9.661300e+07	1.092914e+00
1.225081e+06	1.273095e+07	2.366729e-03	-1.140461e+01	8.946840e-01	1.273095e+07	-1.273094e+07	1.183365e-03	1.451914e+08	8.946833e-01
1.396865e+06	9.378462e+06	2.292942e-03	-2.977026e+00	3.593461e-01	9.378462e+06	-9.378455e+06	1.146471e-03	2.791991e+07	3.593443e-01
1.592737e+06	6.937737e+06	3.074730e-03	-9.320538e-01	1.132876e+00	6.937738e+06	-6.937733e+06	1.537365e-03	6.466341e+06	1.132875e+00
1.816075e+06	5.099007e+06	2.810903e-03	-7.565682e-01	1.463829e+00	5.099006e+06	-5.099004e+06	1.405451e-03	3.857744e+06	1.463828e+00
2.070731e+06	3.754805e+06	2.873896e-03	-1.148562e+01	8.987481e-01	3.754805e+06	-3.754803e+06	1.436948e-03	4.312625e+07	8.987470e-01
2.361094e+06	2.763480e+06	2.612203e-03	-4.203798e-01	3.009864e+00	2.763480e+06	-2.763479e+06	1.306101e-03	1.161711e+06	3.009864e+00
2.692173e+06	2.026513e+06	2.265165e-03	-8.623210e+00	7.277395e-01	2.026512e+06	-2.026512e+06	1.132582e-03	1.747503e+07	7.277386e-01
3.069677e+06	1.495210e+06	3.046275e-03	-9.061106e+00	5.972415e-01	1.495210e+06	-1.495210e+06	1.523138e-03	1.354825e+07	5.972395e-01
3.500116e+06	1.102972e+06	4.175105e-03	2.629810e+00	7.607298e-01	1.102972e+06	-1.102972e+06	2.087552e-03	-2.900606e+06	7.607269e-01
3.990912e+06	8.119522e+05	3.359023e-03	-2.122602e+00	1.141733e+00	8.119522e+05	-8.119520e+05	1.679511e-03	1.723451e+06	1.141732e+00
4.550528e+06	5.963272e+05	2.388353e-03	7.500728e-01	2.301020e+00	5.963273e+05	-5.963271e+05	1.194177e-03	-4.472888e+05	2.301020e+00
5.188616e+06	4.398379e+05	2.546029e-03	-6.965479e+00	9.126192e-01	4.398379e+05	-4.398378e+05	1.273014e-03	3.063681e+06	9.126183e-01
5.916178e+06	3.240319e+05	3.445918e-03	4.697418e+00	6.586694e-01	3.240319e+05	-3.240318e+05	1.722959e-03	-1.522113e+06	6.586671e-01
6.745760e+06	2.381999e+05	2.487520e-03	1.484095e+00	1.418323e+00	2.382000e+05	-2.381999e+05	1.243760e-03	-3.535113e+05	1.418322e+00
7.691669e+06	1.757272e+05	2.621349e-03	1.717476e+00	1.330106e+00	1.757272e+05	-1.757272e+05	1.310674e-03	-3.018071e+05	1.330105e+00
8.770216e+06	1.294126e+05	2.966906e-03	3.958110e+00	6.387522e-01	1.294126e+05	-1.294126e+05	1.483453e-03	-5.122295e+05	6.387505e-01
1.000000e+07	9.487730e+04	2.475409e-03	-2.043040e+00	1.266748e+00	9.487730e+04	-9.487729e+04	1.237704e-03	1.938381e+05	1.266747e+00
