1.736820e+00	0.000000e+00	-2.626086e+00	0.000000e+00	0.000000e+00	0.000000e+00	0.000000e+00
1.823661e+00	9.197299e+16	-2.591084e+00	8.681264e+16	9.999977e-05	2.249388e+17	9.974433e-05
2.005425e+00	1.175711e+18	-2.547174e+00	1.046718e+18	9.999563e-05	2.666173e+18	9.959059e-05
2.187188e+00	2.589342e+18	-2.523211e+00	2.246893e+18	9.999606e-05	5.669384e+18	9.943450e-05
2.368951e+00	3.754342e+18	-2.508365e+00	3.216685e+18	9.998206e-05	8.068620e+18	9.717828e-05
2.550715e+00	4.601885e+18	-2.498110e+00	3.917820e+18	9.998788e-05	9.787145e+18	9.712444e-05
2.732478e+00	5.190085e+18	-2.490063e+00	4.405639e+18	9.998333e-05	1.097032e+19	9.596832e-05
2.914241e+00	5.585235e+18	-2.482613e+00	4.736215e+18	9.999966e-05	1.175819e+19	9.447163e-05
3.096005e+00	5.835550e+18	-2.475325e+00	4.949599e+18	9.998116e-05	1.225187e+19	9.564514e-05
3.277768e+00	5.979444e+18	-2.467645e+00	5.076675e+18	9.996706e-05	1.252743e+19	9.547995e-05
3.459532e+00	6.045304e+18	-2.459222e+00	5.140125e+18	9.999481e-05	1.264071e+19	9.567299e-05
3.641295e+00	6.054028e+18	-2.449854e+00	5.156643e+18	9.999826e-05	1.263302e+19	9.360272e-05
3.823058e+00	6.020906e+18	-2.439396e+00	5.138443e+18	9.999078e-05	1.253470e+19	9.382888e-05
4.004822e+00	5.958187e+18	-2.427506e+00	5.095215e+18	9.999244e-05	1.236867e+19	9.450963e-05
4.186585e+00	5.873710e+18	-2.414269e+00	5.033399e+18	9.999709e-05	1.215198e+19	9.201962e-05
4.368349e+00	5.774444e+18	-2.399494e+00	4.958609e+18	9.998587e-05	1.189815e+19	9.205524e-05
4.550112e+00	5.664836e+18	-2.383113e+00	4.874484e+18	9.999435e-05	1.161645e+19	8.919934e-05
4.731875e+00	5.548961e+18	-2.364982e+00	4.784379e+18	9.998980e-05	1.131497e+19	8.956088e-05
4.913639e+00	5.429479e+18	-2.344973e+00	4.690508e+18	9.998639e-05	1.099912e+19	9.093957e-05
5.095402e+00	5.308718e+18	-2.322909e+00	4.594823e+18	9.999415e-05	1.067336e+19	9.419991e-05
5.277166e+00	5.188214e+18	-2.298608e+00	4.498633e+18	9.999718e-05	1.034060e+19	9.320469e-05
5.458929e+00	5.069225e+18	-2.271801e+00	4.403007e+18	9.999839e-05	1.000276e+19	9.626864e-05
5.640692e+00	4.953181e+18	-2.241957e+00	4.309126e+18	9.977705e-05	9.660874e+18	9.999974e-05
5.822456e+00	4.841398e+18	-2.208126e+00	4.218021e+18	9.998910e-05	9.313921e+18	9.629824e-05
6.004219e+00	4.734743e+18	-2.169560e+00	4.130450e+18	9.999202e-05	8.961261e+18	9.778516e-05
6.185982e+00	4.630330e+18	-2.126673e+00	4.044168e+18	9.996390e-05	8.600624e+18	9.785163e-05
6.367746e+00	4.533837e+18	-2.081582e+00	3.964653e+18	9.755233e-05	8.252750e+18	9.999140e-05
6.549509e+00	4.437434e+18	-2.034858e+00	3.885158e+18	9.360599e-05	7.905744e+18	9.998206e-05
6.731273e+00	4.342812e+18	-1.987671e+00	3.807309e+18	9.216308e-05	7.567679e+18	9.999044e-05
6.913036e+00	4.249498e+18	-1.940923e+00	3.730743e+18	8.930309e-05	7.241086e+18	9.999746e-05
7.094799e+00	4.157349e+18	-1.895105e+00	3.655303e+18	8.085930e-05	6.927181e+18	9.998756e-05
7.276563e+00	4.066260e+18	-1.850616e+00	3.580855e+18	7.730118e-05	6.626789e+18	9.999706e-05
7.458326e+00	3.976267e+18	-1.807616e+00	3.507367e+18	7.273373e-05	6.339974e+18	9.999254e-05
7.640090e+00	3.887536e+18	-1.766290e+00	3.434930e+18	6.943040e-05	6.067082e+18	9.999090e-05
7.821853e+00	3.800039e+18	-1.726570e+00	3.363458e+18	6.501538e-05	5.807246e+18	9.999426e-05
8.003616e+00	3.713986e+18	-1.688528e+00	3.293098e+18	6.109361e-05	5.560486e+18	9.999726e-05
8.185380e+00	3.629505e+18	-1.652112e+00	3.223925e+18	5.856010e-05	5.326285e+18	9.997361e-05
8.367143e+00	3.546608e+18	-1.617160e+00	3.155915e+18	5.829135e-05	5.103619e+18	9.998180e-05
8.548907e+00	3.465424e+18	-1.583689e+00	3.089170e+18	5.722712e-05	4.892285e+18	9.999183e-05
8.730670e+00	3.386031e+18	-1.551573e+00	3.023744e+18	5.595040e-05	4.691561e+18	9.999585e-05
8.912433e+00	3.308486e+18	-1.520679e+00	2.959678e+18	5.572224e-05	4.500722e+18	9.997265e-05
9.094197e+00	3.232721e+18	-1.491132e+00	2.896921e+18	5.362486e-05	4.319691e+18	9.998031e-05
9.275960e+00	3.158863e+18	-1.462585e+00	2.835572e+18	5.164444e-05	4.147265e+18	9.999509e-05
9.457723e+00	3.086854e+18	-1.435174e+00	2.775596e+18	5.135557e-05	3.983464e+18	9.999455e-05
9.639487e+00	3.016724e+18	-1.408739e+00	2.717021e+18	4.986276e-05	3.827573e+18	9.999995e-05
9.821250e+00	2.948437e+18	-1.383237e+00	2.659826e+18	4.851600e-05	3.679169e+18	9.997448e-05
1.000301e+01	2.881950e+18	-1.358634e+00	2.603980e+18	4.843443e-05	3.537855e+18	9.999369e-05
1.018478e+01	2.817252e+18	-1.334886e+00	2.549488e+18	4.735667e-05	3.403276e+18	9.999492e-05
1.036654e+01	2.754326e+18	-1.311903e+00	2.496341e+18	4.725974e-05	3.274956e+18	9.998216e-05
1.054830e+01	2.693128e+18	-1.289666e+00	2.444513e+18	4.538811e-05	3.152604e+18	9.999290e-05
1.073007e+01	2.633612e+18	-1.268162e+00	2.393976e+18	4.411736e-05	3.035949e+18	9.999902e-05
1.091183e+01	2.575736e+18	-1.247344e+00	2.344701e+18	4.403016e-05	2.924650e+18	9.998221e-05
1.109359e+01	2.519461e+18	-1.227184e+00	2.296666e+18	4.372265e-05	2.818431e+18	9.998916e-05
1.127536e+01	2.464754e+18	-1.207628e+00	2.249851e+18	4.279462e-05	2.716984e+18	9.999944e-05
1.145712e+01	2.411554e+18	-1.188686e+00	2.204213e+18	4.189884e-05	2.620118e+18	9.999230e-05
1.163888e+01	2.359839e+18	-1.170296e+00	2.159741e+18	3.968092e-05	2.527536e+18	9.999861e-05
1.182065e+01	2.309557e+18	-1.152446e+00	2.116399e+18	3.963859e-05	2.439034e+18	9.999244e-05
1.200241e+01	2.260665e+18	-1.135123e+00	2.074156e+18	3.854958e-05	2.354422e+18	9.999403e-05
1.218417e+01	2.213128e+18	-1.118286e+00	2.032991e+18	3.745083e-05	2.273465e+18	9.999002e-05
1.236594e+01	2.166897e+18	-1.101929e+00	1.992870e+18	3.722449e-05	2.196000e+18	9.999679e-05
1.254770e+01	2.121940e+18	-1.086012e+00	1.953768e+18	3.624359e-05	2.121816e+18	9.998950e-05
1.272946e+01	2.078214e+18	-1.070535e+00	1.915657e+18	3.641173e-05	2.050778e+18	9.999618e-05
1.291123e+01	2.035685e+18	-1.055475e+00	1.878512e+18	3.525816e-05	1.982722e+18	9.998895e-05
1.309299e+01	1.994313e+18	-1.040814e+00	1.842306e+18	3.461088e-05	1.917499e+18	9.998981e-05
1.327475e+01	1.954062e+18	-1.026544e+00	1.807011e+18	3.371928e-05	1.854976e+18	9.998782e-05
1.345652e+01	1.914897e+18	-1.012641e+00	1.772603e+18	3.311245e-05	1.795011e+18	9.998844e-05
1.363828e+01	1.876784e+18	-9.990905e-01	1.739057e+18	3.312282e-05	1.737475e+18	9.999325e-05
1.382004e+01	1.839694e+18	-9.858862e-01	1.706351e+18	3.315974e-05	1.682268e+18	9.999602e-05
1.400181e+01	1.803589e+18	-9.730090e-01	1.674457e+18	3.145566e-05	1.629262e+18	9.998960e-05
1.418357e+01	1.768438e+18	-9.604498e-01	1.643352e+18	3.159589e-05	1.578357e+18	9.998642e-05
1.436533e+01	1.734218e+18	-9.481989e-01	1.613019e+18	3.136327e-05	1.529463e+18	9.999921e-05
1.454710e+01	1.700892e+18	-9.362422e-01	1.583430e+18	3.147353e-05	1.482474e+18	9.999045e-05
1.472886e+01	1.668442e+18	-9.245631e-01	1.554572e+18	3.138483e-05	1.437300e+18	9.999205e-05
1.491063e+01	1.636824e+18	-9.131749e-01	1.526409e+18	3.079766e-05	1.393879e+18	9.999821e-05
1.509239e+01	1.606023e+18	-9.020485e-01	1.498932e+18	3.034910e-05	1.352109e+18	9.999795e-05
1.527415e+01	1.576014e+18	-8.911738e-01	1.472121e+18	2.917660e-05	1.311915e+18	9.998534e-05
1.545592e+01	1.546770e+18	-8.805471e-01	1.445955e+18	2.859945e-05	1.273232e+18	9.999959e-05
1.563768e+01	1.518267e+18	-8.701549e-01	1.420415e+18	2.809938e-05	1.235981e+18	9.998921e-05
1.581944e+01	1.490482e+18	-8.599942e-01	1.395483e+18	2.795417e-05	1.200108e+18	9.999836e-05
1.600121e+01	1.463395e+18	-8.500660e-01	1.371145e+18	2.769853e-05	1.165564e+18	9.999371e-05
1.618297e+01	1.436986e+18	-8.403397e-01	1.347385e+18	2.733765e-05	1.132261e+18	9.999390e-05
1.636473e+01	1.411227e+18	-8.308454e-01	1.324178e+18	2.685533e-05	1.100187e+18	9.999408e-05
1.654650e+01	1.386107e+18	-8.215372e-01	1.301518e+18	2.656388e-05	1.069246e+18	9.999540e-05
1.672826e+01	1.361597e+18	-8.124393e-01	1.279381e+18	2.599028e-05	1.039419e+18	9.999073e-05
1.691002e+01	1.337687e+18	-8.035236e-01	1.257759e+18	2.521128e-05	1.010639e+18	9.999572e-05
1.709179e+01	1.314354e+18	-7.947946e-01	1.236634e+18	2.537911e-05	9.828704e+17	9.999994e-05
1.727355e+01	1.291585e+18	-7.862407e-01	1.215995e+18	2.473882e-05	9.560647e+17	9.999880e-05
1.745531e+01	1.269358e+18	-7.778663e-01	1.195824e+18	2.460745e-05	9.301915e+17	9.999993e-05
1.763708e+01	1.247660e+18	-7.696556e-01	1.176112e+18	2.415402e-05	9.052010e+17	9.999413e-05
1.781884e+01	1.226474e+18	-7.616112e-01	1.156844e+18	2.344338e-05	8.810651e+17	9.999645e-05
1.800060e+01	1.205785e+18	-7.537205e-01	1.138006e+18	2.333348e-05	8.577387e+17	9.999785e-05
1.818237e+01	1.185581e+18	-7.459914e-01	1.119592e+18	2.325790e-05	8.352061e+17	9.999341e-05
1.836413e+01	1.165845e+18	-7.384080e-01	1.101586e+18	2.272614e-05	8.134196e+17	9.999490e-05
1.854589e+01	1.146566e+18	-7.309692e-01	1.083978e+18	2.234515e-05	7.923545e+17	9.999567e-05
1.872766e+01	1.127728e+18	-7.236673e-01	1.066756e+18	2.218539e-05	7.719768e+17	9.998967e-05
1.890942e+01	1.109319e+18	-7.165155e-01	1.049910e+18	2.143494e-05	7.522769e+17	9.999722e-05
1.909118e+01	1.091328e+18	-7.094954e-01	1.033432e+18	2.171798e-05	7.332150e+17	9.999833e-05
1.927295e+01	1.073740e+18	-7.026016e-01	1.017306e+18	2.150662e-05	7.147611e+17	9.999563e-05
1.945471e+01	1.056547e+18	-6.958352e-01	1.001530e+18	2.106079e-05	6.968995e+17	9.999892e-05
1.963647e+01	1.039737e+18	-6.891913e-01	9.860904e+17	2.079327e-05	6.796049e+17	9.999915e-05
1.981824e+01	1.023299e+18	-6.826671e-01	9.709797e+17	2.072354e-05	6.628559e+17	9.999745e-05
2.000000e+01	1.007223e+18	-6.762600e-01	9.561883e+17	2.054676e-05	6.466319e+17	9.999392e-05
2.280445e+01	7.969689e+17	3.302027e-03	-5.620732e-01	2.393002e-02	7.972596e+17	-7.615023e+17	1.651013e-03	4.280201e+17	2.387300e-02
2.600216e+01	6.274755e+17	3.184575e-03	-5.115115e-01	1.135079e-02	6.276213e+17	-6.030038e+17	1.592287e-03	3.084434e+17	1.123855e-02
2.964825e+01	4.885990e+17	2.581930e-03	-4.416144e-01	1.281633e-02	4.886649e+17	-4.718963e+17	1.290965e-03	2.083962e+17	1.275115e-02
3.380561e+01	3.793542e+17	2.986990e-03	-3.812036e-01	1.455725e-02	3.793839e+17	-3.679908e+17	1.493495e-03	1.402794e+17	1.448043e-02
3.854593e+01	2.934621e+17	6.103577e-03	-3.060607e-01	5.609408e-02	2.934738e+17	-2.857590e+17	3.051789e-03	8.745962e+16	5.601101e-02
4.395094e+01	2.240550e+17	5.337510e-03	-2.915623e-01	2.292312e-02	2.240612e+17	-2.189039e+17	2.668755e-03	6.382413e+16	2.276724e-02
5.011386e+01	1.710670e+17	3.240205e-03	-2.516066e-01	3.547043e-02	1.710698e+17	-1.676214e+17	1.620102e-03	4.217466e+16	3.543341e-02
5.714097e+01	1.303783e+17	4.284637e-03	-2.220814e-01	4.340855e-02	1.303795e+17	-1.280775e+17	2.142319e-03	2.844363e+16	4.335565e-02
6.515343e+01	9.823642e+16	2.408240e-03	-1.992823e-01	5.243985e-02	9.823700e+16	-9.671748e+16	1.204120e-03	1.927409e+16	5.242602e-02
7.428942e+01	7.430441e+16	2.826360e-03	-1.616229e-01	4.214017e-02	7.430463e+16	-7.329761e+16	1.413180e-03	1.184657e+16	4.211646e-02
8.470649e+01	5.583068e+16	2.668755e-03	-1.534195e-01	4.764513e-02	5.583080e+16	-5.516775e+16	1.334378e-03	8.463809e+15	4.762644e-02
9.658427e+01	4.188619e+16	2.882274e-03	-1.327227e-01	1.980397e-01	4.188624e+16	-4.145030e+16	1.441137e-03	5.501397e+15	1.980344e-01
1.101276e+02	3.133698e+16	2.504572e-03	-9.260501e-02	1.518382e-01	3.133699e+16	-3.105114e+16	1.252286e-03	2.875491e+15	1.518331e-01
1.255700e+02	2.340549e+16	2.980895e-03	-8.443658e-02	1.236547e-01	2.340550e+16	-2.321836e+16	1.490448e-03	1.960479e+15	1.236458e-01
1.431777e+02	1.748154e+16	2.790039e-03	-9.889476e-02	1.209550e-01	1.748154e+16	-1.735902e+16	1.395020e-03	1.716716e+15	1.209469e-01
1.632545e+02	1.301914e+16	2.856814e-03	-8.038989e-02	1.332298e-01	1.301914e+16	-1.293915e+16	1.428407e-03	1.040177e+15	1.332222e-01
1.861465e+02	9.641410e+15	2.352415e-03	-7.801719e-02	1.587603e-01	9.641411e+15	-9.589476e+15	1.176207e-03	7.481440e+14	1.587560e-01
2.122485e+02	7.186718e+15	3.438462e-03	-6.490674e-02	1.894144e-01	7.186718e+15	-7.152778e+15	1.719231e-03	4.642635e+14	1.894066e-01
2.420105e+02	5.323954e+15	3.283048e-03	-4.296564e-02	2.916075e-01	5.323955e+15	-5.301910e+15	1.641524e-03	2.278000e+14	2.916028e-01
2.759459e+02	3.940817e+15	2.367606e-03	-2.827231e-02	4.403024e-01	3.940817e+15	-3.926510e+15	1.183803e-03	1.110115e+14	4.403008e-01
3.146398e+02	2.920286e+15	2.697363e-03	-4.913268e-02	3.372824e-01	2.920286e+15	-2.910990e+15	1.348682e-03	1.430247e+14	3.372798e-01
3.587595e+02	2.158676e+15	2.415493e-03	-2.653477e-02	7.234863e-01	2.158677e+15	-2.152651e+15	1.207747e-03	5.712011e+13	7.234853e-01
4.090657e+02	1.595426e+15	2.522407e-03	-2.530417e-02	7.273564e-01	1.595426e+15	-1.591521e+15	1.261203e-03	4.027212e+13	7.273553e-01
4.664260e+02	1.183608e+15	3.174119e-03	-4.161016e-02	4.933961e-01	1.183609e+15	-1.181068e+15	1.587060e-03	4.914444e+13	4.933936e-01
5.318296e+02	8.743581e+14	4.622705e-03	-4.478020e-02	5.585432e-01	8.743581e+14	-8.727125e+14	2.311353e-03	3.908024e+13	5.585385e-01
6.064042e+02	6.432111e+14	2.694897e-03	-4.851740e-02	3.812007e-01	6.432111e+14	-6.421495e+14	1.347448e-03	3.115542e+13	3.811983e-01
6.914359e+02	4.753147e+14	2.373015e-03	-4.352659e-02	5.091026e-01	4.753148e+14	-4.746268e+14	1.186508e-03	2.065889e+13	5.091013e-01
7.883909e+02	3.507344e+14	2.405385e-03	-3.636203e-02	6.193762e-01	3.507344e+14	-3.502892e+14	1.202692e-03	1.273723e+13	6.193750e-01
8.989412e+02	2.587117e+14	2.701505e-03	2.381781e-02	1.095059e+00	2.587116e+14	-2.584237e+14	1.350752e-03	-6.155085e+12	1.095058e+00
1.024993e+03	1.907431e+14	2.573428e-03	-3.702287e-02	9.068547e-01	1.907431e+14	-1.905569e+14	1.286714e-03	7.054964e+12	9.068538e-01
1.168721e+03	1.407491e+14	2.721164e-03	-7.993019e-02	3.816629e-01	1.407491e+14	-1.406286e+14	1.360582e-03	1.124047e+13	3.816605e-01
1.332602e+03	1.038216e+14	2.808114e-03	1.690799e-02	1.982442e+00	1.038217e+14	-1.037437e+14	1.404057e-03	-1.754098e+12	1.982442e+00
1.519463e+03	7.661172e+13	2.647788e-03	3.522921e-02	8.959690e-01	7.661172e+13	-7.656128e+13	1.323894e-03	-2.697194e+12	8.959680e-01
1.732526e+03	5.642488e+13	2.711788e-03	-3.110474e-02	1.322759e+00	5.642487e+13	-5.639230e+13	1.355894e-03	1.754067e+12	1.322758e+00
1.975466e+03	4.160582e+13	2.647413e-03	-7.490203e-02	6.294476e-01	4.160582e+13	-4.158475e+13	1.323707e-03	3.114783e+12	6.294462e-01
2.252471e+03	3.062958e+13	2.666484e-03	-1.819080e-02	2.703568e+00	3.062958e+13	-3.061598e+13	1.333242e-03	5.569291e+11	2.703568e+00
2.568319e+03	2.257806e+13	4.810038e-03	-8.580565e-02	5.964812e-01	2.257806e+13	-2.256927e+13	2.405019e-03	1.936571e+12	5.964764e-01
2.928455e+03	1.663050e+13	2.607635e-03	-7.177972e-02	5.970249e-01	1.663050e+13	-1.662482e+13	1.303817e-03	1.193325e+12	5.970235e-01
3.339091e+03	1.225386e+13	4.241321e-03	-6.745922e-02	6.620853e-01	1.225386e+13	-1.225019e+13	2.120661e-03	8.263883e+11	6.620819e-01
3.807308e+03	9.020461e+12	3.683770e-03	-5.490930e-02	1.063232e+00	9.020460e+12	-9.018091e+12	1.841885e-03	4.951771e+11	1.063231e+00
4.341179e+03	6.636825e+12	2.237179e-03	-6.149362e-02	9.484676e-01	6.636825e+12	-6.635296e+12	1.118589e-03	4.080284e+11	9.484669e-01
4.949911e+03	4.887302e+12	2.380882e-03	-5.575504e-02	1.023814e+00	4.887302e+12	-4.886315e+12	1.190441e-03	2.724367e+11	1.023813e+00
5.644001e+03	3.607881e+12	3.103302e-03	-6.686864e-02	9.169723e-01	3.607881e+12	-3.607242e+12	1.551651e-03	2.412114e+11	9.169710e-01
6.435419e+03	2.650675e+12	2.319565e-03	-1.175497e-01	9.315394e-01	2.650675e+12	-2.650263e+12	1.159783e-03	3.115376e+11	9.315386e-01
7.337811e+03	1.951272e+12	2.748356e-03	7.934721e-02	9.046969e-01	1.951272e+12	-1.951006e+12	1.374178e-03	-1.548069e+11	9.046959e-01
8.366739e+03	1.438531e+12	2.562808e-03	-5.409484e-02	1.316404e+00	1.438531e+12	-1.438359e+12	1.281404e-03	7.780781e+10	1.316404e+00
9.539946e+03	1.058532e+12	2.451962e-03	-3.056586e-02	2.809223e+00	1.058532e+12	-1.058421e+12	1.225981e-03	3.235155e+10	2.809223e+00
1.087766e+04	7.822307e+11	2.817056e-03	1.275437e-02	6.513377e+00	7.822307e+11	-7.821588e+11	1.408528e-03	-9.975939e+09	6.513377e+00
1.240296e+04	5.744393e+11	2.636373e-03	-3.821740e-02	2.464854e+00	5.744394e+11	-5.743930e+11	1.318187e-03	2.195181e+10	2.464854e+00
1.414214e+04	4.232994e+11	2.598246e-03	3.396048e-02	2.727682e+00	4.232995e+11	-4.232695e+11	1.299123e-03	-1.437444e+10	2.727682e+00
1.612518e+04	3.118681e+11	2.596369e-03	-3.943759e-03	2.572459e+01	3.118682e+11	-3.118488e+11	1.298184e-03	1.229856e+09	2.572459e+01
1.838630e+04	2.298323e+11	5.441225e-03	-6.301369e-02	1.801986e+00	2.298323e+11	-2.298198e+11	2.720612e-03	1.448180e+10	1.801984e+00
2.096448e+04	1.688064e+11	2.917816e-03	-2.136130e-02	4.769996e+00	1.688063e+11	-1.687983e+11	1.458908e-03	3.605750e+09	4.769996e+00
2.390418e+04	1.242347e+11	2.480998e-03	-3.168313e-01	3.704949e-01	1.242347e+11	-1.242295e+11	1.240499e-03	3.935979e+10	3.704928e-01
2.725609e+04	9.167604e+10	2.736229e-03	6.251712e-03	2.335676e+01	9.167604e+10	-9.167268e+10	1.368115e-03	-5.731111e+08	2.335676e+01
3.107801e+04	6.739011e+10	2.202838e-03	-2.308577e-01	8.588332e-01	6.739010e+10	-6.738794e+10	1.101419e-03	1.555702e+10	8.588325e-01
3.543585e+04	4.963481e+10	2.622303e-03	-3.094714e-01	7.935199e-01	4.963481e+10	-4.963341e+10	1.311152e-03	1.536012e+10	7.935189e-01
4.040477e+04	3.649256e+10	2.215258e-03	-2.051180e-01	9.430821e-01	3.649256e+10	-3.649166e+10	1.107629e-03	7.485097e+09	9.430814e-01
4.607043e+04	2.690887e+10	2.505523e-03	-1.233542e-01	1.441586e+00	2.690887e+10	-2.690829e+10	1.252762e-03	3.319251e+09	1.441585e+00
5.253056e+04	1.979236e+10	2.114102e-03	-1.406617e-01	1.260314e+00	1.979235e+10	-1.979198e+10	1.057051e-03	2.783972e+09	1.260313e+00
5.989653e+04	1.457036e+10	2.640382e-03	2.268803e-01	8.771676e-01	1.457036e+10	-1.457012e+10	1.320191e-03	-3.305672e+09	8.771666e-01
6.829539e+04	1.076823e+10	5.316117e-03	-2.624969e-02	9.352154e+00	1.076823e+10	-1.076807e+10	2.658058e-03	2.826586e+08	9.352154e+00
7.787196e+04	7.911676e+09	2.905044e-03	-2.503024e-02	8.846369e+00	7.911675e+09	-7.911574e+09	1.452522e-03	1.980286e+08	8.846369e+00
8.879138e+04	5.812455e+09	2.187869e-03	-2.619578e-01	1.148686e+00	5.812455e+09	-5.812390e+09	1.093934e-03	1.522601e+09	1.148685e+00
1.012419e+05	4.280550e+09	2.593198e-03	1.059568e-01	2.231115e+00	4.280550e+09	-4.280508e+09	1.296599e-03	-4.535490e+08	2.231115e+00
1.154384e+05	3.153634e+09	2.428119e-03	-1.761554e-01	2.064446e+00	3.153634e+09	-3.153607e+09	1.214060e-03	5.555251e+08	2.064445e+00
1.316255e+05	2.327445e+09	2.592932e-03	8.127124e-01	4.631370e-01	2.327445e+09	-2.327427e+09	1.296466e-03	-1.891529e+09	4.631352e-01
1.500823e+05	1.712142e+09	2.921766e-03	-1.930628e-01	1.857908e+00	1.712143e+09	-1.712131e+09	1.460883e-03	3.305488e+08	1.857908e+00
1.711273e+05	1.259635e+09	2.357072e-03	-2.518120e-02	1.619853e+01	1.259635e+09	-1.259628e+09	1.178536e-03	3.171894e+07	1.619853e+01
1.951232e+05	9.264391e+08	2.358285e-03	-9.090927e-01	3.193699e-01	9.264391e+08	-9.264344e+08	1.179142e-03	8.422147e+08	3.193677e-01
2.224840e+05	6.833712e+08	2.741403e-03	-7.634821e-01	3.775876e-01	6.833712e+08	-6.833681e+08	1.370702e-03	5.217393e+08	3.775851e-01
2.536813e+05	5.025709e+08	2.442669e-03	-2.192799e-01	1.551638e+00	5.025709e+08	-5.025689e+08	1.221334e-03	1.102033e+08	1.551638e+00
2.892532e+05	3.708715e+08	2.761900e-03	-2.028758e-02	1.763638e+01	3.708715e+08	-3.708702e+08	1.380950e-03	7.524058e+06	1.763638e+01
3.298130e+05	2.725779e+08	2.860586e-03	-9.010790e-02	5.522358e+00	2.725780e+08	-2.725771e+08	1.430293e-03	2.456135e+07	5.522358e+00
3.760603e+05	2.004658e+08	2.665150e-03	3.083225e-01	1.654073e+00	2.004658e+08	-2.004653e+08	1.332575e-03	-6.180795e+07	1.654072e+00
4.287925e+05	1.478827e+08	2.848252e-03	-9.446277e-01	1.182518e+00	1.478827e+08	-1.478824e+08	1.424126e-03	1.396938e+08	1.182517e+00
4.889190e+05	1.089193e+08	2.841182e-03	-9.139224e-02	5.409140e+00	1.089193e+08	-1.089191e+08	1.420591e-03	9.954362e+06	5.409140e+00
5.574765e+05	8.008701e+07	2.607061e-03	-2.612541e-01	1.985055e+00	8.008702e+07	-8.008687e+07	1.303530e-03	2.092302e+07	1.985055e+00
6.356474e+05	5.894922e+07	2.593218e-03	1.509388e+00	9.991531e-01	5.894922e+07	-5.894913e+07	1.296609e-03	-8.897713e+07	9.991523e-01
7.247797e+05	4.332258e+07	2.268054e-03	-1.767741e-01	3.608440e+00	4.332258e+07	-4.332252e+07	1.134027e-03	7.658299e+06	3.608440e+00
8.264103e+05	3.194850e+07	3.263811e-03	-7.661023e-01	1.611496e+00	3.194850e+07	-3.194846e+07	1.631906e-03	2.447579e+07	1.611496e+00
9.422918e+05	2.353057e+07	2.458606e-03	-9.923286e-01	9.166508e-01	2.353058e+07	-2.353055e+07	1.229303e-03	2.335004e+07	9.166499e-01
1.074423e+06	1.731042e+07	2.704630e-03	-7.197564e+00	9.542998e-01	1.731041e+07	-1.731040e+07	1.352315e-03	1.245927e+08	9.542988e-01
1.225081e+06	1.277512e+07	2.613415e-03	-1.898719e-01	5.028770e+00	1.277512e+07	-1.277511e+07	1.306707e-03	2.425635e+06	5.028770e+00
1.396865e+06	9.399357e+06	2.764918e-03	-2.976993e+00	5.624179e-01	9.399357e+06	-9.399350e+06	1.382459e-03	2.798180e+07	5.624162e-01
1.592737e+06	6.935160e+06	3.321141e-03	-3.430577e-01	2.908076e+00	6.935161e+06	-6.935156e+06	1.660570e-03	2.379159e+06	2.908076e+00
1.816075e+06	5.091827e+06	2.868427e-03	1.066148e+00	1.216679e+00	5.091826e+06	-5.091824e+06	1.434213e-03	-5.428636e+06	1.216678e+00
2.070731e+06	3.748727e+06	2.886217e-03	-6.413785e-01	2.399360e+00	3.748727e+06	-3.748725e+06	1.443108e-03	2.404352e+06	2.399360e+00
2.361094e+06	2.769485e+06	4.525901e-03	-1.679463e+00	7.461542e-01	2.769485e+06	-2.769484e+06	2.262951e-03	4.651246e+06	7.461507e-01
2.692173e+06	2.032690e+06	2.605116e-03	-8.671109e+00	1.276968e+00	2.032690e+06	-2.032689e+06	1.302558e-03	1.762567e+07	1.276967e+00
3.069677e+06	1.498224e+06	2.421039e-03	1.224916e-02	1.298678e+02	1.498224e+06	-1.498224e+06	1.210519e-03	-1.835198e+04	1.298678e+02
3.500116e+06	1.100213e+06	2.436634e-03	-6.861808e+00	8.036426e-01	1.100213e+06	-1.100213e+06	1.218317e-03	7.549450e+06	8.036416e-01
3.990912e+06	8.115298e+05	2.724353e-03	8.192058e-01	2.211682e+00	8.115298e+05	-8.115296e+05	1.362177e-03	-6.648097e+05	2.211681e+00
4.550528e+06	5.976196e+05	4.097650e-03	-3.143911e+00	1.063923e+00	5.976197e+05	-5.976195e+05	2.048825e-03	1.878862e+06	1.063921e+00
5.188616e+06	4.398228e+05	2.998102e-03	-2.632964e+00	8.905471e-01	4.398228e+05	-4.398227e+05	1.499051e-03	1.158038e+06	8.905458e-01
5.916178e+06	3.236323e+05	2.470319e-03	-4.760167e+00	8.390814e-01	3.236323e+05	-3.236322e+05	1.235159e-03	1.540544e+06	8.390805e-01
6.745760e+06	2.381551e+05	2.459729e-03	-1.526363e+01	7.153269e-01	2.381551e+05	-2.381551e+05	1.229865e-03	3.635111e+06	7.153258e-01
7.691669e+06	1.755070e+05	3.127561e-03	-1.945971e+00	1.074356e+00	1.755070e+05	-1.755070e+05	1.563780e-03	3.415314e+05	1.074354e+00
8.770216e+06	1.293478e+05	2.624190e-03	-2.031273e+00	1.444102e+00	1.293478e+05	-1.293478e+05	1.312095e-03	2.627408e+05	1.444101e+00
1.000000e+07	9.512437e+04	2.358529e-03	-3.970768e+00	6.708717e-01	9.512437e+04	-9.512436e+04	1.179264e-03	3.777167e+05	6.708706e-01
