2.481495e+00	0.000000e+00	-2.906088e+00	0.000000e+00	0.000000e+00	0.000000e+00	0.000000e+00
2.605570e+00	1.522870e+16	-2.850204e+00	1.466138e+16	9.963595e-05	4.178793e+16	9.999974e-05
2.779514e+00	1.571859e+17	-2.785666e+00	1.461435e+17	9.999910e-05	4.071070e+17	9.963201e-05
2.953459e+00	4.295960e+17	-2.731342e+00	3.904510e+17	9.999966e-05	1.066455e+18	9.784364e-05
3.127403e+00	7.625400e+17	-2.683268e+00	6.823607e+17	9.999958e-05	1.830956e+18	9.630660e-05
3.301347e+00	1.103165e+18	-2.638974e+00	9.763498e+17	9.999443e-05	2.576562e+18	9.569293e-05
3.475291e+00	1.423180e+18	-2.596904e+00	1.249576e+18	9.998701e-05	3.245029e+18	9.580942e-05
3.649236e+00	1.710558e+18	-2.555983e+00	1.493161e+18	9.998383e-05	3.816493e+18	9.713370e-05
3.823180e+00	1.962456e+18	-2.515532e+00	1.705735e+18	9.998419e-05	4.290832e+18	9.621111e-05
3.997124e+00	2.180128e+18	-2.474979e+00	1.889022e+18	9.999580e-05	4.675290e+18	9.655133e-05
4.171069e+00	2.366588e+18	-2.433712e+00	2.045913e+18	9.998160e-05	4.979162e+18	9.534273e-05
4.345013e+00	2.525366e+18	-2.391384e+00	2.179614e+18	9.998198e-05	5.212294e+18	9.449650e-05
4.518957e+00	2.659145e+18	-2.347704e+00	2.292488e+18	9.998387e-05	5.382083e+18	9.562242e-05
4.692902e+00	2.772014e+18	-2.302117e+00	2.387970e+18	9.999090e-05	5.497386e+18	8.901999e-05
4.866846e+00	2.866714e+18	-2.254112e+00	2.468317e+18	9.999687e-05	5.563862e+18	9.950886e-05
5.040790e+00	2.945874e+18	-2.203015e+00	2.535656e+18	9.812435e-05	5.586090e+18	9.999238e-05
5.214734e+00	3.012794e+18	-2.147730e+00	2.592624e+18	9.816381e-05	5.568256e+18	9.999920e-05
5.388679e+00	3.070864e+18	-2.085775e+00	2.641722e+18	9.480946e-05	5.510037e+18	9.999596e-05
5.562623e+00	3.121598e+18	-2.017132e+00	2.684404e+18	9.649501e-05	5.414796e+18	9.999542e-05
5.736567e+00	3.164298e+18	-1.944714e+00	2.720673e+18	9.611905e-05	5.290931e+18	9.999867e-05
5.910512e+00	3.198095e+18	-1.871449e+00	2.750214e+18	9.002522e-05	5.146886e+18	9.999454e-05
6.084456e+00	3.222566e+18	-1.799705e+00	2.772863e+18	9.004431e-05	4.990335e+18	9.997526e-05
6.258400e+00	3.237691e+18	-1.730916e+00	2.788588e+18	8.362051e-05	4.826812e+18	9.999021e-05
6.432345e+00	3.244029e+18	-1.665879e+00	2.797737e+18	7.955673e-05	4.660692e+18	9.997916e-05
6.606289e+00	3.242726e+18	-1.604987e+00	2.801118e+18	7.376925e-05	4.495759e+18	9.999610e-05
6.780233e+00	3.233176e+18	-1.548152e+00	2.797994e+18	6.966798e-05	4.331721e+18	9.998323e-05
6.954177e+00	3.217671e+18	-1.495291e+00	2.790164e+18	6.567695e-05	4.172108e+18	9.998878e-05
7.128122e+00	3.196519e+18	-1.446210e+00	2.777730e+18	6.023585e-05	4.017180e+18	9.998161e-05
7.302066e+00	3.170495e+18	-1.400695e+00	2.761227e+18	5.716634e-05	3.867635e+18	9.999766e-05
7.476010e+00	3.140556e+18	-1.358117e+00	2.741343e+18	5.235724e-05	3.723065e+18	9.999351e-05
7.649955e+00	3.107125e+18	-1.318501e+00	2.718377e+18	5.038602e-05	3.584182e+18	9.999386e-05
7.823899e+00	3.070876e+18	-1.281463e+00	2.692834e+18	4.974771e-05	3.450768e+18	9.998751e-05
7.997843e+00	3.032313e+18	-1.246747e+00	2.665098e+18	4.842242e-05	3.322704e+18	9.998618e-05
8.171788e+00	2.991907e+18	-1.214118e+00	2.635537e+18	4.674398e-05	3.199852e+18	9.999697e-05
8.345732e+00	2.950035e+18	-1.183368e+00	2.604454e+18	4.528045e-05	3.082026e+18	9.999463e-05
8.519676e+00	2.907054e+18	-1.154295e+00	2.572138e+18	4.384912e-05	2.969007e+18	9.997963e-05
8.693620e+00	2.863247e+18	-1.126783e+00	2.538829e+18	4.163056e-05	2.860709e+18	9.999686e-05
8.867565e+00	2.818842e+18	-1.100681e+00	2.504718e+18	4.051452e-05	2.756896e+18	9.998206e-05
9.041509e+00	2.774058e+18	-1.075871e+00	2.469997e+18	4.021837e-05	2.657397e+18	9.999990e-05
9.215453e+00	2.729081e+18	-1.052246e+00	2.434828e+18	4.097726e-05	2.562038e+18	9.999399e-05
9.389398e+00	2.684064e+18	-1.029719e+00	2.399355e+18	3.917273e-05	2.470662e+18	9.999149e-05
9.563342e+00	2.639139e+18	-1.008203e+00	2.363696e+18	3.750028e-05	2.383087e+18	9.999550e-05
9.737286e+00	2.594424e+18	-9.876181e-01	2.327966e+18	3.640173e-05	2.299141e+18	9.998303e-05
9.911231e+00	2.549995e+18	-9.679133e-01	2.292239e+18	3.549133e-05	2.218689e+18	9.999725e-05
1.008517e+01	2.505920e+18	-9.490159e-01	2.256584e+18	3.565925e-05	2.141534e+18	9.998463e-05
1.025912e+01	2.462331e+18	-9.308912e-01	2.221131e+18	3.451866e-05	2.067631e+18	9.999461e-05
1.043306e+01	2.419234e+18	-9.134728e-01	2.185893e+18	3.267712e-05	1.996753e+18	9.999194e-05
1.060701e+01	2.376684e+18	-8.967236e-01	2.150928e+18	3.265865e-05	1.928788e+18	9.998610e-05
1.078095e+01	2.334723e+18	-8.805812e-01	2.116284e+18	3.154328e-05	1.863560e+18	9.998481e-05
1.095490e+01	2.293394e+18	-8.650407e-01	2.082011e+18	3.150774e-05	1.801024e+18	9.998593e-05
1.112884e+01	2.252700e+18	-8.500550e-01	2.048120e+18	3.101779e-05	1.741015e+18	9.999780e-05
1.130278e+01	2.212679e+18	-8.355938e-01	2.014655e+18	3.021203e-05	1.683433e+18	9.999860e-05
1.147673e+01	2.173337e+18	-8.216247e-01	1.981629e+18	2.919019e-05	1.628156e+18	9.999911e-05
1.165067e+01	2.134692e+18	-8.081199e-01	1.949069e+18	2.865240e-05	1.575082e+18	9.999931e-05
1.182462e+01	2.096740e+18	-7.950629e-01	1.916980e+18	2.816590e-05	1.524119e+18	9.999945e-05
1.199856e+01	2.059499e+18	-7.824239e-01	1.885385e+18	2.740160e-05	1.475170e+18	9.999866e-05
1.217251e+01	2.022964e+18	-7.701843e-01	1.854289e+18	2.680447e-05	1.428144e+18	9.998945e-05
1.234645e+01	1.987137e+18	-7.583209e-01	1.823699e+18	2.665163e-05	1.382949e+18	9.999663e-05
1.252040e+01	1.952009e+18	-7.468311e-01	1.793617e+18	2.558043e-05	1.339529e+18	9.999816e-05
1.269434e+01	1.917579e+18	-7.356824e-01	1.764047e+18	2.563462e-05	1.297778e+18	9.999680e-05
1.286828e+01	1.883844e+18	-7.248590e-01	1.734993e+18	2.523575e-05	1.257625e+18	9.999723e-05
1.304223e+01	1.850796e+18	-7.143538e-01	1.706455e+18	2.466596e-05	1.219013e+18	9.999951e-05
1.321617e+01	1.818426e+18	-7.041436e-01	1.678430e+18	2.446217e-05	1.181856e+18	9.999910e-05
1.339012e+01	1.786726e+18	-6.942229e-01	1.650918e+18	2.414117e-05	1.146105e+18	9.999507e-05
1.356406e+01	1.755689e+18	-6.845784e-01	1.623916e+18	2.394461e-05	1.111697e+18	9.999329e-05
1.373801e+01	1.725300e+18	-6.751946e-01	1.597416e+18	2.343964e-05	1.078567e+18	9.999886e-05
1.391195e+01	1.695552e+18	-6.660643e-01	1.571416e+18	2.295413e-05	1.046664e+18	9.999817e-05
1.408589e+01	1.666431e+18	-6.571739e-01	1.545909e+18	2.247119e-05	1.015931e+18	9.999960e-05
1.425984e+01	1.637928e+18	-6.485101e-01	1.520892e+18	2.214065e-05	9.863140e+17	9.999040e-05
1.443378e+01	1.610029e+18	-6.400780e-01	1.496354e+18	2.132090e-05	9.577833e+17	9.999752e-05
1.460773e+01	1.582724e+18	-6.318552e-01	1.472292e+18	2.138617e-05	9.302750e+17	9.999981e-05
1.478167e+01	1.556001e+18	-6.238385e-01	1.448697e+18	2.116498e-05	9.037529e+17	9.999927e-05
1.495562e+01	1.529848e+18	-6.160204e-01	1.425562e+18	2.052934e-05	8.781755e+17	9.999970e-05
1.512956e+01	1.504255e+18	-6.083895e-01	1.402883e+18	2.036767e-05	8.534991e+17	9.999777e-05
1.530350e+01	1.479204e+18	-6.009504e-01	1.380645e+18	1.986239e-05	8.296990e+17	9.999258e-05
1.547745e+01	1.454689e+18	-5.936832e-01	1.358845e+18	1.962346e-05	8.067235e+17	9.999737e-05
1.565139e+01	1.430696e+18	-5.865871e-01	1.337475e+18	1.945917e-05	7.845455e+17	9.999538e-05
1.582534e+01	1.407214e+18	-5.796533e-01	1.316526e+18	1.936510e-05	7.631284e+17	9.999848e-05
1.599928e+01	1.384232e+18	-5.728794e-01	1.295991e+18	1.908410e-05	7.424465e+17	9.999874e-05
1.617323e+01	1.361742e+18	-5.662661e-01	1.275865e+18	1.880844e-05	7.224788e+17	9.999407e-05
1.634717e+01	1.339738e+18	-5.597921e-01	1.256145e+18	1.855803e-05	7.031798e+17	9.999408e-05
1.652111e+01	1.318176e+18	-5.534486e-01	1.236793e+18	1.867181e-05	6.845014e+17	9.999527e-05
1.669506e+01	1.297072e+18	-5.472645e-01	1.217825e+18	1.866088e-05	6.664722e+17	9.999902e-05
1.686900e+01	1.276419e+18	-5.412143e-01	1.199237e+18	1.832842e-05	6.490444e+17	9.999972e-05
1.704295e+01	1.256196e+18	-5.352943e-01	1.181012e+18	1.811317e-05	6.321892e+17	9.999601e-05
1.721689e+01	1.236399e+18	-5.294970e-01	1.163149e+18	1.785743e-05	6.158837e+17	9.999586e-05
1.739084e+01	1.217020e+18	-5.237948e-01	1.145640e+18	1.726671e-05	6.000804e+17	9.999957e-05
1.756478e+01	1.198041e+18	-5.182314e-01	1.128471e+18	1.708995e-05	5.848093e+17	9.999395e-05
1.773872e+01	1.179456e+18	-5.127806e-01	1.111639e+18	1.695872e-05	5.700267e+17	9.999489e-05
1.791267e+01	1.161256e+18	-5.074409e-01	1.095135e+18	1.667352e-05	5.557162e+17	9.999935e-05
1.808661e+01	1.143431e+18	-5.022084e-01	1.078952e+18	1.636110e-05	5.418590e+17	9.999573e-05
1.826056e+01	1.125971e+18	-4.970779e-01	1.063084e+18	1.606630e-05	5.284357e+17	9.999806e-05
1.843450e+01	1.108868e+18	-4.920487e-01	1.047523e+18	1.582590e-05	5.154325e+17	9.999357e-05
1.860845e+01	1.092110e+18	-4.871021e-01	1.032259e+18	1.592204e-05	5.028157e+17	9.999812e-05
1.878239e+01	1.075703e+18	-4.822783e-01	1.017300e+18	1.567534e-05	4.906219e+17	9.999696e-05
1.895633e+01	1.059624e+18	-4.775424e-01	1.002625e+18	1.549591e-05	4.787959e+17	9.999706e-05
1.913028e+01	1.043868e+18	-4.728923e-01	9.882296e+17	1.522081e-05	4.673262e+17	9.999636e-05
1.930422e+01	1.028429e+18	-4.683293e-01	9.741103e+17	1.505636e-05	4.562044e+17	9.999811e-05
1.947817e+01	1.013299e+18	-4.638498e-01	9.602602e+17	1.493940e-05	4.454166e+17	9.999913e-05
1.965211e+01	9.984708e+17	-4.594526e-01	9.466737e+17	1.444702e-05	4.349517e+17	9.999944e-05
1.982606e+01	9.839361e+17	-4.551380e-01	9.333438e+17	1.432716e-05	4.248002e+17	9.999755e-05
2.000000e+01	9.696898e+17	-4.508949e-01	9.202666e+17	1.427159e-05	4.149435e+17	9.999812e-05
2.280445e+01	7.733957e+17	2.702660e-03	-3.795131e-01	1.304689e-02	7.735466e+17	-7.388553e+17	1.351330e-03	2.804052e+17	1.297672e-02
2.600216e+01	6.129906e+17	3.381980e-03	-3.204124e-01	2.399616e-02	6.130573e+17	-5.890125e+17	1.690990e-03	1.887269e+17	2.393651e-02
2.964825e+01	4.790796e+17	2.633024e-03	-2.805721e-01	1.659542e-02	4.791107e+17	-4.626707e+17	1.316512e-03	1.298125e+17	1.654311e-02
3.380561e+01	3.747648e+17	4.837118e-03	-2.425239e-01	2.493538e-02	3.747789e+17	-3.635246e+17	2.418559e-03	8.816342e+16	2.481781e-02
3.854593e+01	2.884545e+17	2.962080e-03	-2.242379e-01	2.871613e-02	2.884615e+17	-2.808788e+17	1.481040e-03	6.298368e+16	2.867792e-02
4.395094e+01	2.217500e+17	2.913016e-03	-1.923592e-01	4.304493e-02	2.217532e+17	-2.166492e+17	1.456508e-03	4.167447e+16	4.302028e-02
5.011386e+01	1.699937e+17	3.082773e-03	-1.634998e-01	8.670598e-02	1.699951e+17	-1.665685e+17	1.541386e-03	2.723390e+16	8.669228e-02
5.714097e+01	1.290399e+17	2.641514e-03	-1.375967e-01	6.065006e-02	1.290404e+17	-1.267621e+17	1.320757e-03	1.744205e+16	6.063567e-02
6.515343e+01	9.773049e+16	3.571813e-03	-1.130851e-01	5.483079e-02	9.773072e+16	-9.621905e+16	1.785907e-03	1.088094e+16	5.480170e-02
7.428942e+01	7.435527e+16	1.173152e-02	-1.075630e-01	6.765738e-02	7.435539e+16	-7.334769e+16	5.865762e-03	7.889494e+15	6.740263e-02
8.470649e+01	5.558035e+16	3.538741e-03	-8.941906e-02	8.907739e-02	5.558040e+16	-5.492033e+16	1.769371e-03	4.910925e+15	8.905981e-02
9.658427e+01	4.175786e+16	3.342323e-03	-8.091661e-02	1.417639e-01	4.175788e+16	-4.132328e+16	1.671161e-03	3.343740e+15	1.417540e-01
1.101276e+02	3.121890e+16	2.852120e-03	-7.011093e-02	9.809096e-02	3.121890e+16	-3.093413e+16	1.426060e-03	2.168821e+15	9.808059e-02
1.255700e+02	2.335424e+16	2.764562e-03	-5.667776e-02	1.846871e-01	2.335424e+16	-2.316751e+16	1.382281e-03	1.313082e+15	1.846819e-01
1.431777e+02	1.739505e+16	2.319147e-03	-4.410513e-02	2.320824e-01	1.739505e+16	-1.727313e+16	1.159573e-03	7.618336e+14	2.320795e-01
1.632545e+02	1.293739e+16	2.880303e-03	-4.153816e-02	2.175663e-01	1.293739e+16	-1.285790e+16	1.440151e-03	5.340933e+14	2.175615e-01
1.861465e+02	9.648250e+15	2.815150e-03	-5.745276e-02	1.708536e-01	9.648250e+15	-9.596279e+15	1.407575e-03	5.513327e+14	1.708478e-01
2.122485e+02	7.163864e+15	3.141855e-03	-4.202010e-02	2.147454e-01	7.163864e+15	-7.130032e+15	1.570928e-03	2.996047e+14	2.147397e-01
2.420105e+02	5.324771e+15	2.938278e-03	-3.114943e-02	3.514927e-01	5.324771e+15	-5.302723e+15	1.469139e-03	1.651768e+14	3.514896e-01
2.759459e+02	3.926963e+15	2.353997e-03	-5.931003e-02	2.351641e-01	3.926963e+15	-3.912706e+15	1.176998e-03	2.320627e+14	2.351611e-01
3.146398e+02	2.909853e+15	2.659923e-03	-5.435449e-02	2.747003e-01	2.909853e+15	-2.900590e+15	1.329961e-03	1.576601e+14	2.746971e-01
3.587595e+02	2.156238e+15	2.383825e-03	-2.755069e-02	5.674127e-01	2.156238e+15	-2.150219e+15	1.191912e-03	5.924002e+13	5.674115e-01
4.090657e+02	1.597639e+15	3.037257e-03	-2.655720e-02	5.697794e-01	1.597639e+15	-1.593729e+15	1.518629e-03	4.232497e+13	5.697773e-01
4.664260e+02	1.177972e+15	2.472748e-03	-1.754625e-02	9.253757e-01	1.177972e+15	-1.175444e+15	1.236374e-03	2.062463e+13	9.253749e-01
5.318296e+02	8.704216e+14	2.582048e-03	-3.264270e-02	5.544396e-01	8.704216e+14	-8.687834e+14	1.291024e-03	2.835944e+13	5.544380e-01
6.064042e+02	6.435895e+14	2.424567e-03	-1.466558e-02	1.372199e+00	6.435894e+14	-6.425273e+14	1.212284e-03	9.423037e+12	1.372199e+00
6.914359e+02	4.755452e+14	2.881504e-03	-2.764325e-02	6.879371e-01	4.755451e+14	-4.748569e+14	1.440752e-03	1.312659e+13	6.879356e-01
7.883909e+02	3.504318e+14	2.790739e-03	-1.694395e-02	1.432777e+00	3.504318e+14	-3.499870e+14	1.395369e-03	5.930164e+12	1.432776e+00
8.989412e+02	2.587742e+14	2.635833e-03	1.006511e-02	2.995130e+00	2.587742e+14	-2.584862e+14	1.317916e-03	-2.601691e+12	2.995130e+00
1.024993e+03	1.909701e+14	2.703875e-03	-3.837630e-02	6.839205e-01	1.909701e+14	-1.907837e+14	1.351938e-03	7.321571e+12	6.839192e-01
1.168721e+03	1.406473e+14	2.262434e-03	-3.653039e-02	6.588228e-01	1.406473e+14	-1.405269e+14	1.131217e-03	5.133503e+12	6.588218e-01
1.332602e+03	1.035986e+14	2.605135e-03	1.517964e-02	1.831505e+00	1.035985e+14	-1.035208e+14	1.302568e-03	-1.571408e+12	1.831505e+00
1.519463e+03	7.648148e+13	2.659967e-03	6.022071e-03	4.983126e+00	7.648149e+13	-7.643113e+13	1.329983e-03	-4.602738e+11	4.983125e+00
1.732526e+03	5.634620e+13	2.616660e-03	-5.323855e-02	6.100137e-01	5.634620e+13	-5.631367e+13	1.308330e-03	2.998058e+12	6.100123e-01
1.975466e+03	4.157848e+13	2.486234e-03	-3.444698e-02	1.022349e+00	4.157848e+13	-4.155743e+13	1.243117e-03	1.431528e+12	1.022349e+00
2.252471e+03	3.053546e+13	2.363771e-03	-5.606848e-03	7.062596e+00	3.053546e+13	-3.052190e+13	1.181886e-03	1.711317e+11	7.062596e+00
2.568319e+03	2.250835e+13	2.163928e-03	-5.288171e-02	8.827062e-01	2.250834e+13	-2.249958e+13	1.081964e-03	1.189816e+12	8.827056e-01
2.928455e+03	1.661036e+13	2.240293e-03	-1.574807e-02	2.855080e+00	1.661037e+13	-1.660469e+13	1.120147e-03	2.614919e+11	2.855080e+00
3.339091e+03	1.224631e+13	3.431710e-03	5.306145e-02	1.573201e+00	1.224630e+13	-1.224264e+13	1.715855e-03	-6.496121e+11	1.573200e+00
3.807308e+03	9.018864e+12	2.409291e-03	-5.102885e-02	1.092411e+00	9.018864e+12	-9.016495e+12	1.204645e-03	4.601014e+11	1.092411e+00
4.341179e+03	6.648695e+12	2.917352e-03	2.158931e-02	2.342206e+00	6.648694e+12	-6.647163e+12	1.458676e-03	-1.435077e+11	2.342205e+00
4.949911e+03	4.911715e+12	5.782099e-03	-5.915656e-02	8.539558e-01	4.911715e+12	-4.910723e+12	2.891050e-03	2.905015e+11	8.539510e-01
5.644001e+03	3.603694e+12	2.615975e-03	6.240938e-02	1.699085e+00	3.603694e+12	-3.603055e+12	1.307988e-03	-2.248644e+11	1.699085e+00
6.435419e+03	2.653668e+12	3.147882e-03	9.246459e-03	6.386872e+00	2.653668e+12	-2.653256e+12	1.573941e-03	-2.453322e+10	6.386871e+00
7.337811e+03	1.953655e+12	2.312611e-03	-8.578936e-02	6.303832e-01	1.953655e+12	-1.953389e+12	1.156306e-03	1.675800e+11	6.303822e-01
8.366739e+03	1.441715e+12	2.758701e-03	-4.175177e-03	1.348251e+01	1.441716e+12	-1.441543e+12	1.379350e-03	6.018699e+09	1.348251e+01
9.539946e+03	1.058323e+12	2.660546e-03	-2.007301e-02	3.285530e+00	1.058323e+12	-1.058212e+12	1.330273e-03	2.124150e+10	3.285530e+00
1.087766e+04	7.781591e+11	2.281300e-03	1.357483e-01	6.191557e-01	7.781591e+11	-7.780876e+11	1.140650e-03	-1.056241e+11	6.191546e-01
1.240296e+04	5.743460e+11	3.138199e-03	-6.572391e-02	1.854105e+00	5.743461e+11	-5.742997e+11	1.569100e-03	3.774522e+10	1.854104e+00
1.414214e+04	4.237310e+11	2.653955e-03	-2.182862e-01	3.503996e-01	4.237310e+11	-4.237010e+11	1.326977e-03	9.248810e+10	3.503970e-01
1.612518e+04	3.115484e+11	2.779395e-03	1.366978e-02	1.612590e+01	3.115485e+11	-3.115291e+11	1.389697e-03	-4.258536e+09	1.612590e+01
1.838630e+04	2.296024e+11	3.188778e-03	-1.894602e-01	1.179183e+00	2.296024e+11	-2.295899e+11	1.594389e-03	4.349815e+10	1.179182e+00
2.096448e+04	1.691187e+11	2.791075e-03	-5.695790e-01	7.609674e-01	1.691186e+11	-1.691106e+11	1.395538e-03	9.632183e+10	7.609661e-01
2.390418e+04	1.245601e+11	4.446664e-03	-1.268642e-01	1.000126e+00	1.245601e+11	-1.245549e+11	2.223332e-03	1.580156e+10	1.000123e+00
2.725609e+04	9.173579e+10	2.684562e-03	2.975105e-01	8.286739e-01	9.173578e+10	-9.173242e+10	1.342281e-03	-2.729136e+10	8.286728e-01
3.107801e+04	6.742934e+10	2.654532e-03	-5.091448e-02	3.167833e+00	6.742934e+10	-6.742717e+10	1.327266e-03	3.433020e+09	3.167833e+00
3.543585e+04	4.966157e+10	2.611521e-03	-3.711959e-01	6.924273e-01	4.966158e+10	-4.966017e+10	1.305761e-03	1.843365e+10	6.924261e-01
4.040477e+04	3.651975e+10	2.183757e-03	-4.218363e-02	3.480493e+00	3.651975e+10	-3.651885e+10	1.091878e-03	1.540498e+09	3.480493e+00
4.607043e+04	2.693284e+10	3.723914e-03	-5.346813e-02	2.988961e+00	2.693285e+10	-2.693226e+10	1.861957e-03	1.440018e+09	2.988961e+00
5.253056e+04	1.977573e+10	2.177312e-03	-2.596834e-01	6.483775e-01	1.977572e+10	-1.977535e+10	1.088656e-03	5.135329e+09	6.483766e-01
5.989653e+04	1.455061e+10	2.423296e-03	1.697616e-01	1.270898e+00	1.455061e+10	-1.455037e+10	1.211648e-03	-2.470093e+09	1.270898e+00
6.829539e+04	1.074046e+10	3.150095e-03	1.612516e-01	1.230576e+00	1.074046e+10	-1.074030e+10	1.575047e-03	-1.731890e+09	1.230575e+00
7.787196e+04	7.904203e+09	2.428029e-03	-3.057406e-01	5.501460e-01	7.904202e+09	-7.904101e+09	1.214014e-03	2.416604e+09	5.501447e-01
8.879138e+04	5.823493e+09	2.555277e-03	-7.272851e-01	3.170362e-01	5.823493e+09	-5.823427e+09	1.277638e-03	4.235292e+09	3.170336e-01
1.012419e+05	4.295596e+09	2.719125e-03	-1.780226e-01	1.242855e+00	4.295596e+09	-4.295554e+09	1.359562e-03	7.647058e+08	1.242854e+00
1.154384e+05	3.152426e+09	2.536818e-03	1.359754e-02	1.642380e+01	3.152426e+09	-3.152399e+09	1.268409e-03	-4.286487e+07	1.642380e+01
1.316255e+05	2.322895e+09	2.591246e-03	1.911438e-01	1.472945e+00	2.322895e+09	-2.322877e+09	1.295623e-03	-4.440036e+08	1.472944e+00
1.500823e+05	1.713082e+09	2.839075e-03	2.216784e-01	1.236552e+00	1.713083e+09	-1.713071e+09	1.419538e-03	-3.797509e+08	1.236551e+00
1.711273e+05	1.262641e+09	3.259186e-03	1.574943e-01	2.991398e+00	1.262641e+09	-1.262634e+09	1.629593e-03	-1.988576e+08	2.991398e+00
1.951232e+05	9.277055e+08	2.779765e-03	-5.379198e-02	6.185659e+00	9.277055e+08	-9.277007e+08	1.389883e-03	4.990286e+07	6.185659e+00
2.224840e+05	6.842352e+08	3.819362e-03	-2.221950e-01	1.538957e+00	6.842351e+08	-6.842321e+08	1.909681e-03	1.520330e+08	1.538956e+00
2.536813e+05	5.031475e+08	2.479673e-03	7.262057e-02	4.790963e+00	5.031475e+08	-5.031455e+08	1.239836e-03	-3.653871e+07	4.790963e+00
2.892532e+05	3.704320e+08	3.084600e-03	-7.927840e-01	4.070783e-01	3.704320e+08	-3.704307e+08	1.542300e-03	2.936716e+08	4.070753e-01
3.298130e+05	2.728096e+08	2.620228e-03	-2.241106e-01	1.639136e+00	2.728096e+08	-2.728088e+08	1.310114e-03	6.113934e+07	1.639135e+00
3.760603e+05	2.010665e+08	3.415890e-03	2.036412e+00	6.949456e-01	2.010665e+08	-2.010660e+08	1.707945e-03	-4.094532e+08	6.949435e-01
4.287925e+05	1.479082e+08	2.751323e-03	-7.981073e-01	5.739557e-01	1.479083e+08	-1.479079e+08	1.375661e-03	1.180464e+08	5.739541e-01
4.889190e+05	1.090615e+08	5.080145e-03	-7.790879e-02	5.717095e+00	1.090616e+08	-1.090613e+08	2.540073e-03	8.496837e+06	5.717094e+00
5.574765e+05	8.005796e+07	2.658360e-03	-4.982360e-01	9.461168e-01	8.005796e+07	-8.005782e+07	1.329180e-03	3.988768e+07	9.461158e-01
6.356474e+05	5.894728e+07	3.242259e-03	-3.347699e-01	1.592093e+00	5.894728e+07	-5.894719e+07	1.621130e-03	1.973374e+07	1.592092e+00
7.247797e+05	4.338454e+07	2.343660e-03	1.077107e+00	5.142538e-01	4.338454e+07	-4.338448e+07	1.171830e-03	-4.672974e+07	5.142524e-01
8.264103e+05	3.193919e+07	2.428457e-03	-8.822406e-01	6.825217e-01	3.193919e+07	-3.193915e+07	1.214228e-03	2.817801e+07	6.825207e-01
9.422918e+05	2.358504e+07	3.828022e-03	-8.930719e+00	9.001469e-01	2.358504e+07	-2.358501e+07	1.914011e-03	2.106311e+08	9.001449e-01
1.074423e+06	1.733267e+07	2.692245e-03	4.263399e-02	1.928479e+01	1.733267e+07	-1.733265e+07	1.346122e-03	-7.389602e+05	1.928479e+01
1.225081e+06	1.269789e+07	2.389410e-03	-1.861969e+00	5.044679e-01	1.269789e+07	-1.269788e+07	1.194705e-03	2.364306e+07	5.044665e-01
1.396865e+06	9.399547e+06	2.997033e-03	-3.245835e+00	5.881460e-01	9.399547e+06	-9.399540e+06	1.498516e-03	3.050935e+07	5.881441e-01
1.592737e+06	6.925506e+06	2.614706e-03	7.781560e-01	1.415343e+00	6.925507e+06	-6.925502e+06	1.307353e-03	-5.389121e+06	1.415342e+00
1.816075e+06	5.092040e+06	3.065325e-03	3.663380e-01	2.716428e+00	5.092039e+06	-5.092037e+06	1.532663e-03	-1.865406e+06	2.716427e+00
2.070731e+06	3.748439e+06	3.680083e-03	1.258475e-01	1.044248e+01	3.748439e+06	-3.748437e+06	1.840042e-03	-4.717315e+05	1.044248e+01
2.361094e+06	2.755535e+06	2.703991e-03	2.848019e-01	3.838306e+00	2.755535e+06	-2.755534e+06	1.351995e-03	-7.847813e+05	3.838306e+00
2.692173e+06	2.030711e+06	2.610714e-03	1.617975e+00	8.735541e-01	2.030711e+06	-2.030710e+06	1.305357e-03	-3.285638e+06	8.735531e-01
3.069677e+06	1.497639e+06	2.578755e-03	2.116748e-01	6.714437e+00	1.497639e+06	-1.497639e+06	1.289378e-03	-3.170124e+05	6.714437e+00
3.500116e+06	1.099078e+06	2.665879e-03	-3.776243e+00	4.988264e-01	1.099079e+06	-1.099078e+06	1.332940e-03	4.150387e+06	4.988246e-01
3.990912e+06	8.119165e+05	2.527205e-03	-6.769232e-01	3.307868e+00	8.119165e+05	-8.119163e+05	1.263603e-03	5.496049e+05	3.307868e+00
4.550528e+06	5.964588e+05	2.446015e-03	-2.303542e+00	6.658321e-01	5.964589e+05	-5.964587e+05	1.223007e-03	1.373967e+06	6.658310e-01
5.188616e+06	4.394024e+05	2.206746e-03	1.974068e-01	8.894263e+00	4.394024e+05	-4.394023e+05	1.103373e-03	-8.674100e+04	8.894263e+00
5.916178e+06	3.236505e+05	2.714165e-03	-5.974871e+00	1.188645e+00	3.236505e+05	-3.236504e+05	1.357083e-03	1.933769e+06	1.188644e+00
6.745760e+06	2.380139e+05	2.333329e-03	-1.879162e+00	2.072695e+00	2.380140e+05	-2.380139e+05	1.166665e-03	4.472668e+05	2.072694e+00
7.691669e+06	1.756606e+05	2.776180e-03	-1.727541e+00	1.413890e+00	1.756606e+05	-1.756606e+05	1.388090e-03	3.034609e+05	1.413889e+00
8.770216e+06	1.289820e+05	2.360418e-03	-1.330932e+00	1.890140e+00	1.289820e+05	-1.289820e+05	1.180209e-03	1.716662e+05	1.890139e+00
1.000000e+07	9.503139e+04	2.695554e-03	-7.577537e-01	3.380505e+00	9.503139e+04	-9.503138e+04	1.347777e-03	7.201037e+04	3.380504e+00
