2.931020e+00	0.000000e+00	-3.356819e+00	0.000000e+00	0.000000e+00	0.000000e+00	0.000000e+00
3.077571e+00	9.554830e+15	-3.269435e+00	9.197800e+15	9.999946e-05	3.007161e+16	9.942640e-05
3.246795e+00	8.017442e+16	-3.179239e+00	7.483278e+16	9.999784e-05	2.379113e+17	9.942822e-05
3.416019e+00	2.232298e+17	-3.096312e+00	2.037959e+17	9.999869e-05	6.310155e+17	9.889578e-05
3.585244e+00	4.157056e+17	-3.017762e+00	3.733266e+17	9.999871e-05	1.126611e+18	9.825486e-05
3.754468e+00	6.321312e+17	-2.941798e+00	5.606456e+17	9.999638e-05	1.649306e+18	9.823973e-05
3.923692e+00	8.548502e+17	-2.866610e+00	7.508467e+17	9.999998e-05	2.152384e+18	9.721263e-05
4.092916e+00	1.071500e+18	-2.791547e+00	9.340115e+17	9.999713e-05	2.607337e+18	9.756752e-05
4.262141e+00	1.276099e+18	-2.715377e+00	1.105648e+18	9.997219e-05	3.002251e+18	9.774162e-05
4.431365e+00	1.465886e+18	-2.637482e+00	1.263958e+18	9.993299e-05	3.333667e+18	9.707445e-05
4.600589e+00	1.640118e+18	-2.556905e+00	1.408668e+18	9.998882e-05	3.601831e+18	9.737479e-05
4.769814e+00	1.799534e+18	-2.472496e+00	1.540616e+18	9.793459e-05	3.809168e+18	9.999837e-05
4.939038e+00	1.945829e+18	-2.382232e+00	1.661250e+18	9.515957e-05	3.957482e+18	9.998011e-05
5.108262e+00	2.082061e+18	-2.281653e+00	1.772830e+18	9.012984e-05	4.044983e+18	9.999186e-05
5.277486e+00	2.209571e+18	-2.170604e+00	1.876762e+18	9.036439e-05	4.073708e+18	9.999952e-05
5.446711e+00	2.326400e+18	-2.055637e+00	1.972409e+18	8.338881e-05	4.054558e+18	9.999873e-05
5.615935e+00	2.430436e+18	-1.942981e+00	2.058734e+18	7.945564e-05	4.000081e+18	9.998270e-05
5.785159e+00	2.520536e+18	-1.836510e+00	2.135054e+18	7.432377e-05	3.921049e+18	9.999967e-05
5.954384e+00	2.596358e+18	-1.738083e+00	2.201032e+18	7.730634e-05	3.825576e+18	9.999822e-05
6.123608e+00	2.658557e+18	-1.648366e+00	2.257008e+18	7.085222e-05	3.720374e+18	9.999731e-05
6.292832e+00	2.707921e+18	-1.567212e+00	2.303359e+18	6.667543e-05	3.609851e+18	9.999631e-05
6.462057e+00	2.745653e+18	-1.493813e+00	2.340786e+18	6.237742e-05	3.496696e+18	9.999308e-05
6.631281e+00	2.772867e+18	-1.427624e+00	2.369973e+18	5.781577e-05	3.383430e+18	9.999655e-05
6.800505e+00	2.790993e+18	-1.367646e+00	2.391882e+18	5.105501e-05	3.271247e+18	9.998787e-05
6.969729e+00	2.800491e+18	-1.313599e+00	2.406730e+18	4.747885e-05	3.161478e+18	9.998663e-05
7.138954e+00	2.803072e+18	-1.264300e+00	2.415786e+18	4.462609e-05	3.054278e+18	9.999283e-05
7.308178e+00	2.799393e+18	-1.219216e+00	2.419486e+18	4.351916e-05	2.949877e+18	9.999227e-05
7.477402e+00	2.790521e+18	-1.177965e+00	2.418655e+18	4.088080e-05	2.849090e+18	9.999904e-05
7.646627e+00	2.777030e+18	-1.139915e+00	2.413697e+18	3.893997e-05	2.751411e+18	9.998870e-05
7.815851e+00	2.759612e+18	-1.104695e+00	2.405152e+18	3.769158e-05	2.656960e+18	9.999938e-05
7.985075e+00	2.738869e+18	-1.071967e+00	2.393498e+18	3.717194e-05	2.565752e+18	9.999498e-05
8.154299e+00	2.715303e+18	-1.041452e+00	2.379137e+18	3.554795e-05	2.477758e+18	9.999891e-05
8.323524e+00	2.689344e+18	-1.012890e+00	2.362421e+18	3.421213e-05	2.392873e+18	9.999068e-05
8.492748e+00	2.661383e+18	-9.860810e-01	2.343677e+18	3.287193e-05	2.311055e+18	9.999604e-05
8.661972e+00	2.631739e+18	-9.608512e-01	2.323174e+18	3.187865e-05	2.232224e+18	9.998827e-05
8.831197e+00	2.600730e+18	-9.370463e-01	2.301188e+18	3.127679e-05	2.156320e+18	9.998097e-05
9.000421e+00	2.568594e+18	-9.145271e-01	2.277926e+18	3.019596e-05	2.083225e+18	9.999518e-05
9.169645e+00	2.535536e+18	-8.932207e-01	2.253573e+18	2.910217e-05	2.012938e+18	9.999847e-05
9.338870e+00	2.501777e+18	-8.729746e-01	2.228326e+18	2.913726e-05	1.945272e+18	9.999401e-05
9.508094e+00	2.467470e+18	-8.537284e-01	2.202327e+18	2.799214e-05	1.880189e+18	9.999758e-05
9.677318e+00	2.432773e+18	-8.353837e-01	2.175723e+18	2.865483e-05	1.817564e+18	9.999023e-05
9.846542e+00	2.397821e+18	-8.178921e-01	2.148643e+18	2.771926e-05	1.757359e+18	9.999720e-05
1.001577e+01	2.362712e+18	-8.011695e-01	2.121181e+18	2.683237e-05	1.699425e+18	9.998954e-05
1.018499e+01	2.327554e+18	-7.851741e-01	2.093444e+18	2.655414e-05	1.643718e+18	9.999029e-05
1.035422e+01	2.292436e+18	-7.698389e-01	2.065519e+18	2.534814e-05	1.590117e+18	9.999657e-05
1.052344e+01	2.257418e+18	-7.551552e-01	2.037469e+18	2.482017e-05	1.538605e+18	9.999112e-05
1.069266e+01	2.222576e+18	-7.410455e-01	2.009373e+18	2.462871e-05	1.489037e+18	9.998439e-05
1.086189e+01	2.187967e+18	-7.274776e-01	1.981290e+18	2.382479e-05	1.441344e+18	9.999712e-05
1.103111e+01	2.153639e+18	-7.144220e-01	1.953272e+18	2.360549e-05	1.395460e+18	9.999672e-05
1.120034e+01	2.119620e+18	-7.018665e-01	1.925354e+18	2.282845e-05	1.351341e+18	9.999305e-05
1.136956e+01	2.085960e+18	-6.897618e-01	1.897589e+18	2.267629e-05	1.308884e+18	9.999462e-05
1.153879e+01	2.052694e+18	-6.780576e-01	1.870017e+18	2.289429e-05	1.267979e+18	9.999907e-05
1.170801e+01	2.019822e+18	-6.668000e-01	1.842646e+18	2.304982e-05	1.228677e+18	9.999416e-05
1.187723e+01	1.987401e+18	-6.559133e-01	1.815535e+18	2.216294e-05	1.190833e+18	9.999418e-05
1.204646e+01	1.955401e+18	-6.453701e-01	1.788665e+18	2.154636e-05	1.154351e+18	9.998891e-05
1.221568e+01	1.923872e+18	-6.351926e-01	1.762088e+18	2.102594e-05	1.119265e+18	9.999526e-05
1.238491e+01	1.892815e+18	-6.253439e-01	1.735812e+18	2.107633e-05	1.085480e+18	9.999300e-05
1.255413e+01	1.862255e+18	-6.157726e-01	1.709866e+18	2.060413e-05	1.052888e+18	9.999394e-05
1.272336e+01	1.832174e+18	-6.065095e-01	1.684240e+18	1.992135e-05	1.021507e+18	9.999982e-05
1.289258e+01	1.802589e+18	-5.975262e-01	1.658956e+18	1.954161e-05	9.912696e+17	9.999830e-05
1.306180e+01	1.773500e+18	-5.888091e-01	1.634019e+18	1.928872e-05	9.621251e+17	9.999884e-05
1.323103e+01	1.744908e+18	-5.803472e-01	1.609436e+18	1.884791e-05	9.340314e+17	9.999982e-05
1.340025e+01	1.716812e+18	-5.721245e-01	1.585211e+18	1.856307e-05	9.069381e+17	9.999786e-05
1.356948e+01	1.689209e+18	-5.641116e-01	1.561346e+18	1.900625e-05	8.807734e+17	9.999303e-05
1.373870e+01	1.662111e+18	-5.563687e-01	1.537857e+18	1.814014e-05	8.556155e+17	9.999524e-05
1.390793e+01	1.635503e+18	-5.488277e-01	1.514735e+18	1.766499e-05	8.313283e+17	9.999785e-05
1.407715e+01	1.609380e+18	-5.414808e-01	1.491979e+18	1.747817e-05	8.078780e+17	9.999791e-05
1.424637e+01	1.583737e+18	-5.343284e-01	1.469589e+18	1.712376e-05	7.852432e+17	9.999115e-05
1.441560e+01	1.558573e+18	-5.273634e-01	1.447568e+18	1.684793e-05	7.633946e+17	9.999958e-05
1.458482e+01	1.533881e+18	-5.205760e-01	1.425913e+18	1.658652e-05	7.422961e+17	9.999695e-05
1.475405e+01	1.509655e+18	-5.139633e-01	1.404622e+18	1.628807e-05	7.219240e+17	9.999675e-05
1.492327e+01	1.485888e+18	-5.075127e-01	1.383692e+18	1.594644e-05	7.022412e+17	9.999698e-05
1.509250e+01	1.462573e+18	-5.012229e-01	1.363119e+18	1.586476e-05	6.832265e+17	9.999656e-05
1.526172e+01	1.439705e+18	-4.950853e-01	1.342903e+18	1.547209e-05	6.648513e+17	9.999726e-05
1.543094e+01	1.417274e+18	-4.890957e-01	1.323037e+18	1.537564e-05	6.470915e+17	9.999416e-05
1.560017e+01	1.395277e+18	-4.832407e-01	1.303520e+18	1.493580e-05	6.299137e+17	9.999857e-05
1.576939e+01	1.373700e+18	-4.775385e-01	1.284342e+18	1.483209e-05	6.133227e+17	9.999987e-05
1.593862e+01	1.352540e+18	-4.719594e-01	1.265504e+18	1.476782e-05	5.972667e+17	9.999676e-05
1.610784e+01	1.331791e+18	-4.665082e-01	1.247001e+18	1.450588e-05	5.817362e+17	9.999631e-05
1.627707e+01	1.311442e+18	-4.611799e-01	1.228827e+18	1.427532e-05	5.667101e+17	9.999767e-05
1.644629e+01	1.291488e+18	-4.559699e-01	1.210977e+18	1.407781e-05	5.521689e+17	9.999701e-05
1.661551e+01	1.271919e+18	-4.508733e-01	1.193446e+18	1.392924e-05	5.380928e+17	9.999864e-05
1.678474e+01	1.252728e+18	-4.458884e-01	1.176229e+18	1.377827e-05	5.244670e+17	9.999611e-05
1.695396e+01	1.233909e+18	-4.410116e-01	1.159321e+18	1.392656e-05	5.112742e+17	9.999373e-05
1.712319e+01	1.215458e+18	-4.362363e-01	1.142721e+18	1.339192e-05	4.984962e+17	9.999663e-05
1.729241e+01	1.197356e+18	-4.315681e-01	1.126413e+18	1.320474e-05	4.861239e+17	9.999700e-05
1.746164e+01	1.179606e+18	-4.269958e-01	1.110402e+18	1.303294e-05	4.741371e+17	9.999610e-05
1.763086e+01	1.162197e+18	-4.225126e-01	1.094678e+18	1.275156e-05	4.625150e+17	9.999768e-05
1.780008e+01	1.145123e+18	-4.181230e-01	1.079237e+18	1.271067e-05	4.512540e+17	9.999388e-05
1.796931e+01	1.128377e+18	-4.138223e-01	1.064075e+18	1.252581e-05	4.403380e+17	9.999978e-05
1.813853e+01	1.111952e+18	-4.096080e-01	1.049186e+18	1.231141e-05	4.297548e+17	9.999702e-05
1.830776e+01	1.095840e+18	-4.054782e-01	1.034563e+18	1.225693e-05	4.194928e+17	9.999894e-05
1.847698e+01	1.080036e+18	-4.014286e-01	1.020204e+18	1.216429e-05	4.095391e+17	9.999686e-05
1.864621e+01	1.064533e+18	-3.974558e-01	1.006103e+18	1.207732e-05	3.998814e+17	9.999649e-05
1.881543e+01	1.049323e+18	-3.935605e-01	9.922535e+17	1.221513e-05	3.905118e+17	9.999891e-05
1.898465e+01	1.034401e+18	-3.897382e-01	9.786525e+17	1.198787e-05	3.814183e+17	9.999612e-05
1.915388e+01	1.019762e+18	-3.859892e-01	9.652948e+17	1.170022e-05	3.725933e+17	9.999833e-05
1.932310e+01	1.005397e+18	-3.823093e-01	9.521747e+17	1.160451e-05	3.640252e+17	9.999986e-05
1.949233e+01	9.913023e+17	-3.786982e-01	9.392887e+17	1.140910e-05	3.557069e+17	9.999936e-05
1.966155e+01	9.774710e+17	-3.751528e-01	9.266313e+17	1.119155e-05	3.476283e+17	9.999999e-05
1.983078e+01	9.638980e+17	-3.716718e-01	9.141986e+17	1.109141e-05	3.397819e+17	9.999566e-05
2.000000e+01	9.520195e+17	4.869499e-03	-3.562924e-01	1.670520e-02	9.522035e+17	-9.033438e+17	2.434750e-03	3.218545e+17	1.652682e-02
2.280445e+01	7.615833e+17	3.856370e-03	-3.077699e-01	1.500145e-02	7.616689e+17	-7.275047e+17	1.928185e-03	2.239041e+17	1.487702e-02
2.600216e+01	6.048202e+17	2.525652e-03	-2.620978e-01	2.005861e-02	6.048587e+17	-5.811325e+17	1.262826e-03	1.523136e+17	2.001882e-02
2.964825e+01	4.769089e+17	5.063350e-03	-2.232704e-01	3.948090e-02	4.769261e+17	-4.605596e+17	2.531675e-03	1.028293e+17	3.939965e-02
3.380561e+01	3.694222e+17	3.118940e-03	-2.021007e-01	3.298814e-02	3.694306e+17	-3.583362e+17	1.559470e-03	7.242000e+16	3.295126e-02
3.854593e+01	2.867882e+17	2.694866e-03	-1.625761e-01	5.037244e-02	2.867915e+17	-2.792523e+17	1.347433e-03	4.539974e+16	5.035442e-02
4.395094e+01	2.198038e+17	2.433742e-03	-1.577998e-01	5.253087e-02	2.198056e+17	-2.147463e+17	1.216871e-03	3.388692e+16	5.251678e-02
5.011386e+01	1.686309e+17	3.372330e-03	-1.262273e-01	4.995453e-02	1.686316e+17	-1.652324e+17	1.686165e-03	2.085684e+16	4.992607e-02
5.714097e+01	1.285705e+17	3.317247e-03	-1.087315e-01	6.876018e-02	1.285707e+17	-1.263007e+17	1.658623e-03	1.373285e+16	6.874017e-02
6.515343e+01	9.731997e+16	2.805174e-03	-9.781768e-02	9.599781e-02	9.732011e+16	-9.581477e+16	1.402587e-03	9.372378e+15	9.598756e-02
7.428942e+01	7.344487e+16	3.093494e-03	-9.076205e-02	1.788220e-01	7.344495e+16	-7.244957e+16	1.546747e-03	6.575671e+15	1.788153e-01
8.470649e+01	5.547528e+16	3.753980e-03	-8.002274e-02	1.376561e-01	5.547531e+16	-5.481649e+16	1.876990e-03	4.386566e+15	1.376433e-01
9.658427e+01	4.158256e+16	2.600978e-03	-5.800029e-02	1.292999e-01	4.158257e+16	-4.114979e+16	1.300489e-03	2.386700e+15	1.292934e-01
1.101276e+02	3.110459e+16	2.448569e-03	-5.645944e-02	1.520223e-01	3.110459e+16	-3.082086e+16	1.224285e-03	1.740129e+15	1.520173e-01
1.255700e+02	2.329584e+16	2.381546e-03	-5.278389e-02	1.968772e-01	2.329584e+16	-2.310958e+16	1.190773e-03	1.219813e+15	1.968736e-01
1.431777e+02	1.736619e+16	2.807794e-03	-7.278142e-02	1.749301e-01	1.736620e+16	-1.724448e+16	1.403897e-03	1.255078e+15	1.749245e-01
1.632545e+02	1.297614e+16	3.275246e-03	-7.027774e-02	1.896843e-01	1.297613e+16	-1.289641e+16	1.637623e-03	9.063302e+14	1.896772e-01
1.861465e+02	9.610254e+15	2.284481e-03	-4.011997e-02	3.123741e-01	9.610255e+15	-9.558488e+15	1.142240e-03	3.834863e+14	3.123720e-01
2.122485e+02	7.155182e+15	3.554963e-03	-1.633519e-01	7.151499e-01	7.155184e+15	-7.121393e+15	1.777482e-03	1.163293e+15	7.151477e-01
2.420105e+02	5.303792e+15	2.441711e-03	-1.414885e-02	1.369649e+00	5.303792e+15	-5.281831e+15	1.220856e-03	7.473184e+13	1.369648e+00
2.759459e+02	3.938675e+15	2.401309e-03	-1.640673e-02	6.808314e-01	3.938675e+15	-3.924376e+15	1.200655e-03	6.438619e+13	6.808303e-01
3.146398e+02	2.914524e+15	3.065353e-03	-4.747439e-02	3.043009e-01	2.914524e+15	-2.905246e+15	1.532676e-03	1.379248e+14	3.042970e-01
3.587595e+02	2.155669e+15	2.672178e-03	-7.460319e-03	3.923939e+00	2.155669e+15	-2.149652e+15	1.336089e-03	1.603709e+13	3.923939e+00
4.090657e+02	1.593672e+15	2.472146e-03	-5.006619e-03	3.639782e+00	1.593672e+15	-1.589771e+15	1.236073e-03	7.959380e+12	3.639782e+00
4.664260e+02	1.179254e+15	2.389652e-03	-3.903211e-02	5.490370e-01	1.179254e+15	-1.176723e+15	1.194826e-03	4.592998e+13	5.490357e-01
5.318296e+02	8.701822e+14	2.653055e-03	-4.811891e-02	3.672382e-01	8.701823e+14	-8.685445e+14	1.326527e-03	4.179341e+13	3.672358e-01
6.064042e+02	6.465558e+14	7.235698e-03	-1.386909e-02	1.551110e+00	6.465558e+14	-6.454887e+14	3.617849e-03	8.952338e+12	1.551106e+00
6.914359e+02	4.759907e+14	2.951448e-03	-4.524718e-02	4.672483e-01	4.759907e+14	-4.753018e+14	1.475724e-03	2.150607e+13	4.672459e-01
7.883909e+02	3.496890e+14	2.162549e-03	-6.177939e-02	4.548192e-01	3.496890e+14	-3.492452e+14	1.081274e-03	2.157615e+13	4.548179e-01
8.989412e+02	2.587263e+14	2.693641e-03	-3.237476e-02	8.619971e-01	2.587263e+14	-2.584383e+14	1.346821e-03	8.366878e+12	8.619960e-01
1.024993e+03	1.910408e+14	2.308543e-03	-4.061831e-03	8.363601e+00	1.910408e+14	-1.908543e+14	1.154271e-03	7.752181e+11	8.363600e+00
1.168721e+03	1.405899e+14	2.500922e-03	-4.860949e-02	8.504646e-01	1.405899e+14	-1.404696e+14	1.250461e-03	6.828153e+12	8.504637e-01
1.332602e+03	1.037208e+14	2.385984e-03	-2.885958e-03	1.061544e+01	1.037208e+14	-1.036429e+14	1.192992e-03	2.991092e+11	1.061544e+01
1.519463e+03	7.650860e+13	2.841691e-03	-2.338729e-01	5.614975e-01	7.650860e+13	-7.645823e+13	1.420846e-03	1.788150e+13	5.614957e-01
1.732526e+03	5.616129e+13	2.619441e-03	2.548598e-02	1.212582e+00	5.616128e+13	-5.612886e+13	1.309721e-03	-1.430499e+12	1.212581e+00
1.975466e+03	4.159693e+13	2.786132e-03	8.711212e-03	3.976351e+00	4.159693e+13	-4.157587e+13	1.393066e-03	-3.621762e+11	3.976350e+00
2.252471e+03	3.061380e+13	3.599312e-03	9.421743e-03	4.164840e+00	3.061380e+13	-3.060021e+13	1.799656e-03	-2.883073e+11	4.164839e+00
2.568319e+03	2.251110e+13	2.801783e-03	2.873216e-02	1.517477e+00	2.251109e+13	-2.250233e+13	1.400891e-03	-6.465404e+11	1.517477e+00
2.928455e+03	1.662108e+13	3.116168e-03	-5.438503e-02	6.724946e-01	1.662108e+13	-1.661540e+13	1.558084e-03	9.036293e+11	6.724928e-01
3.339091e+03	1.229506e+13	4.060560e-03	-3.040715e-02	1.919615e+00	1.229506e+13	-1.229138e+13	2.030280e-03	3.737459e+11	1.919614e+00
3.807308e+03	9.033436e+12	3.257238e-03	-7.609810e-02	6.447988e-01	9.033436e+12	-9.031063e+12	1.628619e-03	6.872468e+11	6.447967e-01
4.341179e+03	6.655591e+12	3.387235e-03	5.477727e-02	8.693784e-01	6.655591e+12	-6.654058e+12	1.693618e-03	-3.644911e+11	8.693768e-01
4.949911e+03	4.898116e+12	3.475017e-03	1.146935e-02	5.110996e+00	4.898116e+12	-4.897126e+12	1.737509e-03	-5.616686e+10	5.110996e+00
5.644001e+03	3.596895e+12	2.351982e-03	3.015551e-02	1.656217e+00	3.596896e+12	-3.596258e+12	1.175991e-03	-1.084470e+11	1.656217e+00
6.435419e+03	2.661107e+12	2.710664e-03	5.015424e-02	1.124949e+00	2.661106e+12	-2.660693e+12	1.355332e-03	-1.334450e+11	1.124948e+00
7.337811e+03	1.949127e+12	2.236415e-03	-6.766299e-02	1.389979e+00	1.949126e+12	-1.948861e+12	1.118207e-03	1.318657e+11	1.389979e+00
8.366739e+03	1.437553e+12	2.427863e-03	-7.486202e-03	9.705711e+00	1.437553e+12	-1.437381e+12	1.213932e-03	1.076052e+10	9.705711e+00
9.539946e+03	1.060905e+12	2.286381e-03	6.056601e-02	1.527801e+00	1.060905e+12	-1.060794e+12	1.143190e-03	-6.424804e+10	1.527801e+00
1.087766e+04	7.791004e+11	2.488567e-03	-9.774424e-03	8.351734e+00	7.791004e+11	-7.790288e+11	1.244284e-03	7.614558e+09	8.351734e+00
1.240296e+04	5.749164e+11	2.955885e-03	-2.143743e-01	6.456443e-01	5.749164e+11	-5.748700e+11	1.477943e-03	1.232373e+11	6.456426e-01
1.414214e+04	4.220459e+11	2.518235e-03	4.279140e-02	2.158703e+00	4.220459e+11	-4.220161e+11	1.259118e-03	-1.805866e+10	2.158703e+00
1.612518e+04	3.112575e+11	2.369447e-03	5.433608e-02	1.860553e+00	3.112575e+11	-3.112382e+11	1.184724e-03	-1.691146e+10	1.860553e+00
1.838630e+04	2.295813e+11	2.441265e-03	7.899179e-02	1.664362e+00	2.295813e+11	-2.295688e+11	1.220632e-03	-1.813405e+10	1.664362e+00
2.096448e+04	1.688359e+11	2.428547e-03	-9.497362e-02	1.266308e+00	1.688359e+11	-1.688278e+11	1.214273e-03	1.603419e+10	1.266308e+00
2.390418e+04	1.244082e+11	2.700741e-03	1.256755e-02	8.565980e+00	1.244082e+11	-1.244030e+11	1.350371e-03	-1.563441e+09	8.565980e+00
2.725609e+04	9.165738e+10	2.625699e-03	1.394209e-01	8.443239e-01	9.165738e+10	-9.165402e+10	1.312850e-03	-1.277848e+10	8.443229e-01
3.107801e+04	6.753819e+10	2.428528e-03	-1.517645e-01	8.416614e-01	6.753819e+10	-6.753602e+10	1.214264e-03	1.024957e+10	8.416605e-01
3.543585e+04	4.964536e+10	2.539175e-03	-2.393805e-01	5.624599e-01	4.964536e+10	-4.964396e+10	1.269587e-03	1.188380e+10	5.624585e-01
4.040477e+04	3.651954e+10	2.259337e-03	-2.532354e-01	6.409228e-01	3.651954e+10	-3.651864e+10	1.129668e-03	9.247812e+09	6.409218e-01
4.607043e+04	2.687714e+10	2.285818e-03	4.931991e-02	4.115535e+00	2.687714e+10	-2.687656e+10	1.142909e-03	-1.325549e+09	4.115535e+00
5.253056e+04	1.981335e+10	2.584717e-03	-3.805200e-02	5.353833e+00	1.981335e+10	-1.981297e+10	1.292358e-03	7.539233e+08	5.353833e+00
5.989653e+04	1.460274e+10	2.944121e-03	-2.310857e-02	7.571627e+00	1.460274e+10	-1.460250e+10	1.472061e-03	3.374428e+08	7.571627e+00
6.829539e+04	1.073496e+10	2.792550e-03	-4.584766e-02	5.449470e+00	1.073495e+10	-1.073480e+10	1.396275e-03	4.921654e+08	5.449470e+00
7.787196e+04	7.890676e+09	2.377813e-03	-9.084342e-03	2.962467e+01	7.890676e+09	-7.890575e+09	1.188906e-03	7.168068e+07	2.962467e+01
8.879138e+04	5.831045e+09	2.670837e-03	5.553621e-01	1.140414e+00	5.831045e+09	-5.830979e+09	1.335419e-03	-3.238305e+09	1.140414e+00
1.012419e+05	4.277062e+09	2.850016e-03	9.336603e-02	4.042653e+00	4.277062e+09	-4.277020e+09	1.425008e-03	-3.993284e+08	4.042653e+00
1.154384e+05	3.152460e+09	2.541215e-03	-2.718015e-01	1.035867e+00	3.152460e+09	-3.152433e+09	1.270607e-03	8.568359e+08	1.035866e+00
1.316255e+05	2.323484e+09	3.981658e-03	4.030266e-02	7.691426e+00	2.323484e+09	-2.323466e+09	1.990829e-03	-9.364186e+07	7.691426e+00
1.500823e+05	1.710860e+09	3.013891e-03	-9.217170e-02	3.295505e+00	1.710861e+09	-1.710849e+09	1.506946e-03	1.576919e+08	3.295505e+00
1.711273e+05	1.261876e+09	2.935115e-03	-3.809727e-01	7.750646e-01	1.261877e+09	-1.261869e+09	1.467557e-03	4.807377e+08	7.750632e-01
1.951232e+05	9.265218e+08	3.345784e-03	-3.441735e-01	9.715068e-01	9.265219e+08	-9.265171e+08	1.672892e-03	3.188827e+08	9.715054e-01
2.224840e+05	6.850646e+08	3.125224e-03	3.241498e-01	1.159079e+00	6.850646e+08	-6.850615e+08	1.562612e-03	-2.220625e+08	1.159078e+00
2.536813e+05	5.026427e+08	2.672977e-03	-2.661921e-01	1.379897e+00	5.026426e+08	-5.026407e+08	1.336488e-03	1.337990e+08	1.379896e+00
2.892532e+05	3.706762e+08	4.093489e-03	-1.727361e-01	2.273182e+00	3.706762e+08	-3.706749e+08	2.046744e-03	6.402894e+07	2.273181e+00
3.298130e+05	2.739380e+08	1.253449e-02	2.103037e+00	3.603776e-01	2.739380e+08	-2.739372e+08	6.267246e-03	-5.761001e+08	3.603231e-01
3.760603e+05	2.011474e+08	3.062744e-03	-5.839181e-01	6.610530e-01	2.011474e+08	-2.011469e+08	1.531372e-03	1.174533e+08	6.610512e-01
4.287925e+05	1.480712e+08	3.466759e-03	1.820678e-01	2.396907e+00	1.480712e+08	-1.480709e+08	1.733379e-03	-2.695894e+07	2.396906e+00
4.889190e+05	1.088246e+08	2.809837e-03	-6.788166e-02	8.212631e+00	1.088246e+08	-1.088244e+08	1.404919e-03	7.387178e+06	8.212631e+00
5.574765e+05	8.013628e+07	2.824945e-03	1.721833e-01	4.409177e+00	8.013628e+07	-8.013614e+07	1.412472e-03	-1.379811e+07	4.409177e+00
6.356474e+05	5.892331e+07	3.851391e-03	1.415894e-01	5.349131e+00	5.892331e+07	-5.892322e+07	1.925695e-03	-8.342905e+06	5.349131e+00
7.247797e+05	4.350738e+07	3.787604e-03	7.798842e-01	8.264810e-01	4.350738e+07	-4.350732e+07	1.893802e-03	-3.393067e+07	8.264788e-01
8.264103e+05	3.196227e+07	2.952131e-03	-9.603663e-01	8.215976e-01	3.196227e+07	-3.196223e+07	1.476065e-03	3.069545e+07	8.215963e-01
9.422918e+05	2.352009e+07	2.520379e-03	-2.178120e-01	3.636690e+00	2.352010e+07	-2.352007e+07	1.260190e-03	5.122955e+06	3.636690e+00
1.074423e+06	1.731073e+07	2.453927e-03	-1.209584e-01	8.952407e+00	1.731072e+07	-1.731071e+07	1.226963e-03	2.093876e+06	8.952407e+00
1.225081e+06	1.275886e+07	3.358764e-03	-4.212562e+00	8.848501e-01	1.275886e+07	-1.275885e+07	1.679382e-03	5.374746e+07	8.848485e-01
1.396865e+06	9.391592e+06	2.952167e-03	-4.619531e+00	1.080893e+00	9.391592e+06	-9.391585e+06	1.476084e-03	4.338472e+07	1.080892e+00
1.592737e+06	6.920849e+06	2.655312e-03	-6.295799e-01	1.420750e+00	6.920849e+06	-6.920845e+06	1.327656e-03	4.357225e+06	1.420749e+00
1.816075e+06	5.084728e+06	2.484365e-03	3.470527e-01	3.975598e+00	5.084728e+06	-5.084725e+06	1.242183e-03	-1.764668e+06	3.975598e+00
2.070731e+06	3.748451e+06	2.426884e-03	-8.339817e+00	1.004862e+00	3.748451e+06	-3.748449e+06	1.213442e-03	3.126138e+07	1.004861e+00
2.361094e+06	2.763572e+06	2.617843e-03	2.196956e+00	6.399445e-01	2.763572e+06	-2.763571e+06	1.308921e-03	-6.071443e+06	6.399432e-01
2.692173e+06	2.031541e+06	3.237329e-03	1.472493e+00	1.305474e+00	2.031541e+06	-2.031540e+06	1.618664e-03	-2.991428e+06	1.305473e+00
3.069677e+06	1.491783e+06	2.161708e-03	1.520076e+00	1.130682e+00	1.491783e+06	-1.491783e+06	1.080854e-03	-2.267624e+06	1.130681e+00
3.500116e+06	1.099707e+06	2.360720e-03	-5.595639e-01	3.485453e+00	1.099707e+06	-1.099707e+06	1.180360e-03	6.153561e+05	3.485453e+00
3.990912e+06	8.114103e+05	2.537502e-03	2.803456e-01	5.278261e+00	8.114103e+05	-8.114101e+05	1.268751e-03	-2.274752e+05	5.278261e+00
4.550528e+06	5.988084e+05	3.115327e-03	4.177398e-01	5.090585e+00	5.988084e+05	-5.988083e+05	1.557663e-03	-2.501460e+05	5.090585e+00
5.188616e+06	4.399668e+05	3.709213e-03	-9.295719e-02	1.935351e+01	4.399668e+05	-4.399667e+05	1.854606e-03	4.089807e+04	1.935351e+01
5.916178e+06	3.230885e+05	2.313635e-03	-1.086910e+00	1.981073e+00	3.230884e+05	-3.230884e+05	1.156817e-03	3.511679e+05	1.981073e+00
6.745760e+06	2.381825e+05	2.238863e-03	8.115990e-01	2.959243e+00	2.381825e+05	-2.381825e+05	1.119431e-03	-1.933087e+05	2.959242e+00
7.691669e+06	1.756384e+05	3.112974e-03	-8.981662e-01	2.793535e+00	1.756384e+05	-1.756384e+05	1.556487e-03	1.577524e+05	2.793534e+00
8.770216e+06	1.295524e+05	2.858192e-03	2.914410e+00	7.542496e-01	1.295524e+05	-1.295524e+05	1.429096e-03	-3.775688e+05	7.542482e-01
1.000000e+07	9.529094e+04	2.666878e-03	-1.355350e+00	1.814909e+00	9.529094e+04	-9.529093e+04	1.333439e-03	1.291525e+05	1.814909e+00
