3.525521	0.000000e+00	0.000000e+00	0.000000
3.529046	8.578255e+11	5.867694e+11	0.000097
3.583361	2.250711e+15	1.551169e+15	0.000097
3.637676	1.338975e+16	9.295146e+15	0.000099
3.691991	3.708177e+16	2.592205e+16	0.000094
3.746306	7.455481e+16	5.246829e+16	0.000098
3.800621	1.254623e+17	8.886702e+16	0.000099
3.854936	1.885999e+17	1.344231e+17	0.000098
3.909251	2.623302e+17	1.881009e+17	0.000096
3.963566	3.449785e+17	2.488023e+17	0.000096
4.017881	4.345465e+17	3.151610e+17	0.000095
4.072196	5.296455e+17	3.862192e+17	0.000098
4.126511	6.285583e+17	4.607539e+17	0.000097
4.180826	7.299500e+17	5.377963e+17	0.000098
4.235141	8.326272e+17	6.164621e+17	0.000097
4.289456	9.355751e+17	6.959831e+17	0.000099
4.343771	1.037938e+18	7.756965e+17	0.000097
4.398086	1.138931e+18	8.549832e+17	0.000099
4.452401	1.238079e+18	9.334471e+17	0.000099
4.506716	1.334842e+18	1.010641e+18	0.000099
4.561031	1.428884e+18	1.086268e+18	0.000100
4.615346	1.519799e+18	1.159973e+18	0.000097
4.669661	1.607592e+18	1.231716e+18	0.000098
4.723976	1.692136e+18	1.301358e+18	0.000096
4.778291	1.772881e+18	1.368430e+18	0.000097
4.832606	1.850256e+18	1.433223e+18	0.000100
4.886921	1.924056e+18	1.495537e+18	0.000100
4.941236	1.994360e+18	1.555396e+18	0.000099
4.995551	2.061218e+18	1.612803e+18	0.000099
5.049866	2.124631e+18	1.667724e+18	0.000098
5.104181	2.184706e+18	1.720211e+18	0.000100
5.158496	2.241550e+18	1.770318e+18	0.000100
5.212811	2.295178e+18	1.818030e+18	0.000099
5.267126	2.345832e+18	1.863510e+18	0.000098
5.321441	2.393471e+18	1.906702e+18	0.000098
5.375756	2.438317e+18	1.947761e+18	0.000100
5.430071	2.480470e+18	1.986744e+18	0.000100
5.484386	2.520000e+18	2.023689e+18	0.000098
5.538701	2.557072e+18	2.058710e+18	0.000100
5.593016	2.591787e+18	2.091874e+18	0.000099
5.647331	2.624265e+18	2.123259e+18	0.000098
5.701646	2.654621e+18	2.152948e+18	0.000099
5.755961	2.682914e+18	2.180974e+18	0.000099
5.810276	2.709190e+18	2.207363e+18	0.000100
5.864591	2.733626e+18	2.232248e+18	0.000099
5.918906	2.756341e+18	2.255717e+18	0.000099
5.973221	2.777373e+18	2.277793e+18	0.000100
6.027536	2.796794e+18	2.298526e+18	0.000099
6.081851	2.814678e+18	2.317968e+18	0.000098
6.136166	2.831074e+18	2.336155e+18	0.000099
6.190481	2.846099e+18	2.353176e+18	0.000099
6.244796	2.859798e+18	2.369063e+18	0.000100
6.299111	2.872195e+18	2.383829e+18	0.000099
6.353426	2.883358e+18	2.397529e+18	0.000100
6.407741	2.893366e+18	2.410220e+18	0.000099
6.462056	2.902296e+18	2.421966e+18	0.000100
6.516371	2.910071e+18	2.432697e+18	0.000099
6.570686	2.916903e+18	2.442588e+18	0.000100
6.625002	2.922725e+18	2.451579e+18	0.000100
6.679317	2.927674e+18	2.459783e+18	0.000100
6.733632	2.931730e+18	2.467180e+18	0.000099
6.787947	2.934965e+18	2.473829e+18	0.000099
6.842262	2.937376e+18	2.479727e+18	0.000100
6.896577	2.939024e+18	2.484922e+18	0.000099
6.950892	2.939951e+18	2.489448e+18	0.000100
7.005207	2.940174e+18	2.493320e+18	0.000099
7.059522	2.939706e+18	2.496545e+18	0.000099
7.113837	2.938608e+18	2.499176e+18	0.000099
7.168152	2.936947e+18	2.501269e+18	0.000099
7.222467	2.934679e+18	2.502785e+18	0.000100
7.276782	2.931850e+18	2.503762e+18	0.000100
7.331097	2.928503e+18	2.504238e+18	0.000100
7.385412	2.924652e+18	2.504224e+18	0.000099
7.439727	2.920373e+18	2.503784e+18	0.000099
7.494042	2.915641e+18	2.502897e+18	0.000099
7.548357	2.910423e+18	2.501534e+18	0.000100
7.602672	2.904801e+18	2.499767e+18	0.000099
7.656987	2.898776e+18	2.497595e+18	0.000099
7.711302	2.892417e+18	2.495078e+18	0.000099
7.765617	2.885665e+18	2.492166e+18	0.000099
7.819932	2.878614e+18	2.488939e+18	0.000100
7.874247	2.871240e+18	2.485378e+18	0.000099
7.928562	2.863547e+18	2.481485e+18	0.000098
7.982877	2.855576e+18	2.477298e+18	0.000098
8.037192	2.847328e+18	2.472817e+18	0.000100
8.091507	2.838806e+18	2.468044e+18	0.000099
8.145822	2.830041e+18	2.463008e+18	0.000099
8.200137	2.821104e+18	2.457770e+18	0.000098
8.254452	2.811881e+18	2.452233e+18	0.000100
8.308767	2.802469e+18	2.446480e+18	0.000100
8.363082	2.792865e+18	2.440509e+18	0.000099
8.417397	2.783069e+18	2.434322e+18	0.000100
8.471712	2.773092e+18	2.427929e+18	0.000099
8.526027	2.762981e+18	2.421370e+18	0.000099
8.580342	2.752698e+18	2.414613e+18	0.000100
8.634657	2.742299e+18	2.407709e+18	0.000099
8.688972	2.731714e+18	2.400594e+18	0.000099
8.743287	2.721010e+18	2.393331e+18	0.000100
8.797602	2.710181e+18	2.385914e+18	0.000099
8.851917	2.699274e+18	2.378384e+18	0.000099
8.906232	2.688226e+18	2.370686e+18	0.000099
8.960547	2.677079e+18	2.362859e+18	0.000100
9.014862	2.665831e+18	2.354902e+18	0.000099
9.069177	2.654524e+18	2.346850e+18	0.000100
9.123492	2.643143e+18	2.338694e+18	0.000100
9.177807	2.631714e+18	2.330454e+18	0.000100
9.232122	2.620178e+18	2.322082e+18	0.000100
9.286437	2.608594e+18	2.313628e+18	0.000100
9.340752	2.596945e+18	2.305078e+18	0.000100
9.395067	2.585260e+18	2.296459e+18	0.000099
9.449382	2.573522e+18	2.287756e+18	0.000099
9.503697	2.561741e+18	2.278979e+18	0.000099
9.558012	2.549919e+18	2.270130e+18	0.000100
9.612327	2.538101e+18	2.261250e+18	0.000099
9.666642	2.526225e+18	2.252283e+18	0.000100
9.720957	2.514306e+18	2.243245e+18	0.000099
9.775272	2.502399e+18	2.234184e+18	0.000099
9.829587	2.490473e+18	2.225073e+18	0.000099
9.883902	2.478540e+18	2.215924e+18	0.000099
9.938217	2.466591e+18	2.206729e+18	0.000099
9.992532	2.454658e+18	2.197517e+18	0.000100
10.046847	2.442696e+18	2.188248e+18	0.000100
10.101162	2.430748e+18	2.178963e+18	0.000099
10.155477	2.418810e+18	2.169656e+18	0.000099
10.209792	2.406864e+18	2.160313e+18	0.000099
10.264107	2.394985e+18	2.151002e+18	0.000099
10.318422	2.383009e+18	2.141576e+18	0.000099
10.372737	2.371133e+18	2.132211e+18	0.000100
10.427052	2.359246e+18	2.122810e+18	0.000099
10.481367	2.347391e+18	2.113410e+18	0.000100
10.535682	2.335544e+18	2.103992e+18	0.000100
10.589997	2.323722e+18	2.094570e+18	0.000099
10.644312	2.311932e+18	2.085152e+18	0.000099
10.698627	2.300164e+18	2.075729e+18	0.000099
10.752942	2.288428e+18	2.066310e+18	0.000099
10.807257	2.276704e+18	2.056878e+18	0.000099
10.861572	2.265017e+18	2.047455e+18	0.000099
10.915887	2.253372e+18	2.038047e+18	0.000100
10.970202	2.241750e+18	2.028637e+18	0.000100
11.024517	2.230174e+18	2.019246e+18	0.000100
11.078832	2.218636e+18	2.009867e+18	0.000100
11.133147	2.207129e+18	2.000495e+18	0.000100
11.187462	2.195659e+18	1.991135e+18	0.000099
11.241777	2.184238e+18	1.981798e+18	0.000099
11.296092	2.172874e+18	1.972491e+18	0.000099
11.350407	2.161544e+18	1.963196e+18	0.000100
11.404722	2.150246e+18	1.953910e+18	0.000099
11.459037	2.138987e+18	1.944639e+18	0.000100
11.513352	2.127781e+18	1.935396e+18	0.000100
11.567667	2.116639e+18	1.926193e+18	0.000099
11.621982	2.105532e+18	1.917004e+18	0.000100
11.676297	2.094465e+18	1.907832e+18	0.000099
11.730612	2.083455e+18	1.898694e+18	0.000100
11.784927	2.072485e+18	1.889574e+18	0.000100
11.839242	2.061577e+18	1.880494e+18	0.000100
11.893557	2.050717e+18	1.871440e+18	0.000100
11.947872	2.039910e+18	1.862417e+18	0.000099
12.002187	2.029154e+18	1.853425e+18	0.000100
12.056502	2.018440e+18	1.844454e+18	0.000100
12.110817	2.007793e+18	1.835528e+18	0.000099
12.165132	1.997181e+18	1.826619e+18	0.000100
12.219447	1.986628e+18	1.817748e+18	0.000100
12.273762	1.976126e+18	1.808908e+18	0.000099
12.328077	1.965672e+18	1.800097e+18	0.000099
12.382392	1.955271e+18	1.791320e+18	0.000100
12.436707	1.944930e+18	1.782583e+18	0.000100
12.491022	1.934644e+18	1.773882e+18	0.000099
12.545337	1.924420e+18	1.765224e+18	0.000100
12.599652	1.914254e+18	1.756604e+18	0.000099
12.653967	1.904120e+18	1.748001e+18	0.000099
12.708282	1.894062e+18	1.739454e+18	0.000098
12.762597	1.884052e+18	1.730938e+18	0.000099
12.816912	1.874086e+18	1.722449e+18	0.000099
12.871227	1.864188e+18	1.714009e+18	0.000100
12.925542	1.854330e+18	1.705595e+18	0.000099
12.979857	1.844526e+18	1.697217e+18	0.000099
13.034172	1.834778e+18	1.688878e+18	0.000100
13.088487	1.825106e+18	1.680597e+18	0.000099
13.142802	1.815471e+18	1.672339e+18	0.000099
13.197117	1.805890e+18	1.664119e+18	0.000099
13.251432	1.796364e+18	1.655938e+18	0.000099
13.305747	1.786890e+18	1.647793e+18	0.000100
13.360062	1.777469e+18	1.639686e+18	0.000099
13.414377	1.768118e+18	1.631633e+18	0.000100
13.468692	1.758809e+18	1.623608e+18	0.000099
13.523007	1.749546e+18	1.615615e+18	0.000100
13.577322	1.740359e+18	1.607681e+18	0.000100
13.631637	1.731217e+18	1.599779e+18	0.000100
13.685952	1.722130e+18	1.591917e+18	0.000099
13.740267	1.713099e+18	1.584097e+18	0.000099
13.794582	1.704107e+18	1.576304e+18	0.000100
13.848897	1.695185e+18	1.568565e+18	0.000100
13.903212	1.686310e+18	1.560860e+18	0.000100
13.957527	1.677480e+18	1.553188e+18	0.000099
14.011842	1.668721e+18	1.545572e+18	0.000099
14.066157	1.660006e+18	1.537988e+18	0.000100
14.120472	1.651353e+18	1.530453e+18	0.000100
14.174787	1.642747e+18	1.522952e+18	0.000100
14.229102	1.634189e+18	1.515487e+18	0.000099
14.283417	1.625692e+18	1.508071e+18	0.000099
14.337732	1.617240e+18	1.500687e+18	0.000100
14.392047	1.608839e+18	1.493342e+18	0.000100
14.446362	1.600494e+18	1.486041e+18	0.000100
14.500677	1.592193e+18	1.478774e+18	0.000100
14.554992	1.583954e+18	1.471555e+18	0.000099
14.609307	1.575761e+18	1.464372e+18	0.000100
14.663622	1.567609e+18	1.457219e+18	0.000100
14.717937	1.559511e+18	1.450108e+18	0.000099
14.772252	1.551471e+18	1.443045e+18	0.000100
14.826567	1.543474e+18	1.436013e+18	0.000100
14.880882	1.535533e+18	1.429027e+18	0.000099
14.935197	1.527644e+18	1.422082e+18	0.000100
14.989512	1.519808e+18	1.415179e+18	0.000100
15.043827	1.512021e+18	1.408315e+18	0.000100
15.098142	1.504263e+18	1.401471e+18	0.000099
15.152457	1.496564e+18	1.394676e+18	0.000100
15.206772	1.488910e+18	1.387916e+18	0.000099
15.261087	1.481311e+18	1.381200e+18	0.000099
15.315402	1.473747e+18	1.374511e+18	0.000099
15.369717	1.466248e+18	1.367875e+18	0.000100
15.424032	1.458782e+18	1.361265e+18	0.000100
15.478347	1.451371e+18	1.354700e+18	0.000099
15.532662	1.444011e+18	1.348176e+18	0.000100
15.586977	1.436698e+18	1.341690e+18	0.000099
15.641292	1.429425e+18	1.335236e+18	0.000100
15.695607	1.422202e+18	1.328822e+18	0.000100
15.749922	1.415023e+18	1.322443e+18	0.000099
15.804237	1.407887e+18	1.316100e+18	0.000099
15.858552	1.400788e+18	1.309785e+18	0.000100
15.912867	1.393748e+18	1.303520e+18	0.000100
15.967182	1.386746e+18	1.297286e+18	0.000099
16.021497	1.379803e+18	1.291101e+18	0.000099
16.075812	1.372895e+18	1.284943e+18	0.000099
16.130127	1.366015e+18	1.278807e+18	0.000100
16.184442	1.359201e+18	1.272727e+18	0.000100
16.238757	1.352416e+18	1.266669e+18	0.000100
16.293072	1.345680e+18	1.260653e+18	0.000099
16.347387	1.338985e+18	1.254669e+18	0.000100
16.401702	1.332334e+18	1.248723e+18	0.000100
16.456017	1.325722e+18	1.242808e+18	0.000099
16.510332	1.319156e+18	1.236931e+18	0.000099
16.564647	1.312627e+18	1.231085e+18	0.000099
16.618962	1.306146e+18	1.225279e+18	0.000100
16.673277	1.299705e+18	1.219505e+18	0.000100
16.727592	1.293300e+18	1.213762e+18	0.000099
16.781907	1.286939e+18	1.208055e+18	0.000099
16.836222	1.280615e+18	1.202378e+18	0.000100
16.890537	1.274327e+18	1.196732e+18	0.000099
16.944852	1.268080e+18	1.191119e+18	0.000099
16.999167	1.261881e+18	1.185548e+18	0.000100
17.053482	1.255716e+18	1.180004e+18	0.000099
17.107797	1.249589e+18	1.174492e+18	0.000099
17.162112	1.243499e+18	1.169011e+18	0.000100
17.216427	1.237452e+18	1.163566e+18	0.000099
17.270742	1.231441e+18	1.158151e+18	0.000099
17.325057	1.225468e+18	1.152768e+18	0.000099
17.379372	1.219531e+18	1.147415e+18	0.000100
17.433687	1.213639e+18	1.142101e+18	0.000099
17.488002	1.207781e+18	1.136815e+18	0.000099
17.542317	1.201962e+18	1.131562e+18	0.000099
17.596632	1.196171e+18	1.126332e+18	0.000100
17.650947	1.190417e+18	1.121134e+18	0.000100
17.705262	1.184702e+18	1.115968e+18	0.000099
17.759578	1.179023e+18	1.110833e+18	0.000099
17.813893	1.173380e+18	1.105729e+18	0.000099
17.868208	1.167774e+18	1.100656e+18	0.000100
17.922523	1.162206e+18	1.095615e+18	0.000100
17.976838	1.156670e+18	1.090601e+18	0.000099
18.031153	1.151167e+18	1.085616e+18	0.000100
18.085468	1.145695e+18	1.080656e+18	0.000099
18.139783	1.140262e+18	1.075731e+18	0.000100
18.194098	1.134861e+18	1.070832e+18	0.000100
18.248413	1.129493e+18	1.065961e+18	0.000100
18.302728	1.124161e+18	1.061122e+18	0.000100
18.357043	1.118862e+18	1.056309e+18	0.000100
18.411358	1.113591e+18	1.051521e+18	0.000099
18.465673	1.108356e+18	1.046765e+18	0.000099
18.519988	1.103157e+18	1.042038e+18	0.000100
18.574303	1.097984e+18	1.037334e+18	0.000099
18.628618	1.092846e+18	1.032661e+18	0.000100
18.682933	1.087739e+18	1.028013e+18	0.000100
18.737248	1.082662e+18	1.023391e+18	0.000099
18.791563	1.077619e+18	1.018799e+18	0.000099
18.845878	1.072609e+18	1.014235e+18	0.000100
18.900193	1.067630e+18	1.009698e+18	0.000099
18.954508	1.062680e+18	1.005186e+18	0.000100
19.008823	1.057758e+18	1.000698e+18	0.000100
19.063138	1.052870e+18	9.962390e+17	0.000100
19.117453	1.048016e+18	9.918106e+17	0.000100
19.171768	1.043186e+18	9.874011e+17	0.000100
19.226083	1.038386e+18	9.830183e+17	0.000099
19.280398	1.033613e+18	9.786591e+17	0.000100
19.334713	1.028874e+18	9.743293e+17	0.000100
19.389028	1.024165e+18	9.700256e+17	0.000100
19.443343	1.019484e+18	9.657458e+17	0.000100
19.497658	1.014831e+18	9.614908e+17	0.000099
19.551973	1.010204e+18	9.572582e+17	0.000099
19.606288	1.005610e+18	9.530547e+17	0.000099
19.660603	1.001043e+18	9.488735e+17	0.000100
19.714918	9.965058e+17	9.447195e+17	0.000099
19.769233	9.919935e+17	9.405866e+17	0.000099
20.000000	9.731252e+17	9.232913e+17	0.000100
20.894239	9.044153e+17	8.601257e+17	0.000099
21.828462	8.394792e+17	8.001660e+17	0.000100
22.804455	7.782684e+17	7.434130e+17	0.000100
23.824087	7.206760e+17	6.898081e+17	0.000100
24.889308	6.666138e+17	6.393063e+17	0.000100
26.002158	6.159490e+17	5.918162e+17	0.000100
27.164766	5.685689e+17	5.472623e+17	0.000100
28.379356	5.243273e+17	5.055334e+17	0.000100
29.648252	4.830843e+17	4.665215e+17	0.000099
30.973884	4.446898e+17	4.301058e+17	0.000100
32.358787	4.090025e+17	3.961714e+17	0.000100
33.805611	3.758721e+17	3.645920e+17	0.000099
35.317127	3.451650e+17	3.352558e+17	0.000099
36.896225	3.167351e+17	3.080363e+17	0.000099
38.545927	2.904422e+17	2.828111e+17	0.000100
40.269391	2.661541e+17	2.594639e+17	0.000099
42.069914	2.437469e+17	2.378852e+17	0.000100
43.950943	2.230828e+17	2.179502e+17	0.000099
45.916076	2.040501e+17	1.995584e+17	0.000099
47.969073	1.865376e+17	1.826089e+17	0.000099
50.113865	1.704285e+17	1.669942e+17	0.000099
52.354554	1.556382e+17	1.526374e+17	0.000100
54.695429	1.420584e+17	1.394376e+17	0.000099
57.140968	1.296029e+17	1.273151e+17	0.000100
59.695853	1.181871e+17	1.161909e+17	0.000100
62.364972	1.077298e+17	1.059887e+17	0.000099
65.153432	9.815947e+16	9.664143e+16	0.000099
68.066569	8.940318e+16	8.808015e+16	0.000099
71.109959	8.139862e+16	8.024596e+16	0.000100
74.289425	7.408408e+16	7.308019e+16	0.000099
77.611051	6.740245e+16	6.652843e+16	0.000100
81.081193	6.130431e+16	6.054360e+16	0.000099
84.706492	5.574020e+16	5.507831e+16	0.000100
88.493885	5.066569e+16	5.008994e+16	0.000099
92.450620	4.604063e+16	4.553995e+16	0.000099
96.584269	4.182604e+16	4.139076e+16	0.000100
100.902741	3.798718e+16	3.760885e+16	0.000099
105.414300	3.449271e+16	3.416396e+16	0.000099
110.127580	3.131188e+16	3.102627e+16	0.000100
115.051600	2.841762e+16	2.816955e+16	0.000099
120.195783	2.578538e+16	2.556997e+16	0.000099
125.569972	2.339204e+16	2.320501e+16	0.000100
131.184451	2.121645e+16	2.105411e+16	0.000100
137.049965	1.923965e+16	1.909875e+16	0.000100
143.177738	1.744412e+16	1.732186e+16	0.000099
149.579495	1.581274e+16	1.570667e+16	0.000100
156.267488	1.433181e+16	1.423981e+16	0.000099
163.254513	1.298758e+16	1.290779e+16	0.000100
170.553943	1.176755e+16	1.169836e+16	0.000099
178.179744	1.066057e+16	1.060057e+16	0.000099
186.146509	9.656367e+15	9.604353e+15	0.000099
194.469485	8.745578e+15	8.700491e+15	0.000100
203.164596	7.919608e+15	7.880531e+15	0.000099
212.248484	7.170835e+15	7.136970e+15	0.000099
221.738530	6.492069e+15	6.462725e+15	0.000099
231.652894	5.876902e+15	5.851478e+15	0.000100
242.010549	5.319422e+15	5.297397e+15	0.000099
252.831315	4.814341e+15	4.795262e+15	0.000100
264.135899	4.356783e+15	4.340258e+15	0.000100
275.945932	3.942333e+15	3.928020e+15	0.000099
288.284016	3.567002e+15	3.554607e+15	0.000100
301.173759	3.227134e+15	3.216401e+15	0.000100
314.639828	2.919413e+15	2.910120e+15	0.000100
328.707992	2.640783e+15	2.632737e+15	0.000100
343.405171	2.388595e+15	2.381629e+15	0.000100
358.759489	2.160334e+15	2.154304e+15	0.000100
374.800329	1.953740e+15	1.948521e+15	0.000099
391.558386	1.766789e+15	1.762271e+15	0.000099
409.065729	1.597622e+15	1.593711e+15	0.000099
427.355860	1.444577e+15	1.441192e+15	0.000100
446.463778	1.306087e+15	1.303159e+15	0.000100
466.426049	1.180828e+15	1.178294e+15	0.000099
487.280872	1.067533e+15	1.065340e+15	0.000098
509.068155	9.650462e+14	9.631487e+14	0.000099
531.829590	8.723578e+14	8.707160e+14	0.000098
555.608733	7.885332e+14	7.871127e+14	0.000099
580.451089	7.127336e+14	7.115046e+14	0.000098
606.404195	6.441927e+14	6.431295e+14	0.000099
633.517715	5.822179e+14	5.812981e+14	0.000099
661.843534	5.261849e+14	5.253893e+14	0.000099
691.435856	4.755289e+14	4.748407e+14	0.000100
722.351308	4.297339e+14	4.291386e+14	0.000099
754.649051	3.883343e+14	3.878193e+14	0.000098
788.390889	3.509103e+14	3.504649e+14	0.000100
823.641391	3.170850e+14	3.166998e+14	0.000100
860.468012	2.865133e+14	2.861801e+14	0.000099
898.941224	2.588785e+14	2.585904e+14	0.000098
939.134648	2.339025e+14	2.336533e+14	0.000100
981.125199	2.113314e+14	2.111159e+14	0.000099
1024.993230	1.909339e+14	1.907475e+14	0.000099
1070.822687	1.725006e+14	1.723394e+14	0.000099
1118.701268	1.558436e+14	1.557042e+14	0.000100
1168.720595	1.407927e+14	1.406722e+14	0.000100
1220.976383	1.271924e+14	1.270882e+14	0.000100
1275.568631	1.149032e+14	1.148131e+14	0.000098
1332.601805	1.037989e+14	1.037210e+14	0.000098
1392.185043	9.376581e+13	9.369843e+13	0.000099
1454.432366	8.470185e+13	8.464360e+13	0.000100
1519.462888	7.651246e+13	7.646208e+13	0.000099
1587.401052	6.911354e+13	6.906999e+13	0.000100
1658.376865	6.242916e+13	6.239150e+13	0.000099
1732.526145	5.639057e+13	5.635802e+13	0.000100
1809.990785	5.093541e+13	5.090726e+13	0.000100
1890.919021	4.600737e+13	4.598303e+13	0.000099
1975.465717	4.155542e+13	4.153438e+13	0.000100
2063.792662	3.753382e+13	3.751563e+13	0.000100
2156.068877	3.390117e+13	3.388544e+13	0.000098
2252.470943	3.061970e+13	3.060611e+13	0.000098
2353.183334	2.765534e+13	2.764359e+13	0.000100
2458.398774	2.497785e+13	2.496769e+13	0.000099
2568.318602	2.255924e+13	2.255045e+13	0.000099
2683.153161	2.037468e+13	2.036709e+13	0.000099
2803.122198	1.840157e+13	1.839500e+13	0.000099
2928.455286	1.661938e+13	1.661371e+13	0.000099
3059.392263	1.500973e+13	1.500482e+13	0.000099
3196.183688	1.355578e+13	1.355154e+13	0.000098
3339.091326	1.224265e+13	1.223899e+13	0.000098
3488.388644	1.105659e+13	1.105342e+13	0.000099
3644.361338	9.985386e+12	9.982646e+12	0.000099
3807.307877	9.017893e+12	9.015524e+12	0.000100
3977.540076	8.144079e+12	8.142031e+12	0.000098
4155.383689	7.354890e+12	7.353120e+12	0.000100
4341.179040	6.642137e+12	6.640607e+12	0.000099
4535.281664	5.998445e+12	5.997122e+12	0.000099
4738.062997	5.417098e+12	5.415955e+12	0.000098
4949.911081	4.892062e+12	4.891073e+12	0.000099
5171.231309	4.417893e+12	4.417039e+12	0.000098
5402.447197	3.989670e+12	3.988931e+12	0.000098
5644.001201	3.602939e+12	3.602301e+12	0.000099
5896.355559	3.253670e+12	3.253118e+12	0.000099
6159.993174	2.938257e+12	2.937780e+12	0.000099
6435.418543	2.653410e+12	2.652998e+12	0.000099
6723.158721	2.396149e+12	2.395792e+12	0.000099
7023.764326	2.163829e+12	2.163521e+12	0.000100
7337.810597	1.954037e+12	1.953770e+12	0.000100
7665.898493	1.764577e+12	1.764346e+12	0.000099
8008.655841	1.593480e+12	1.593281e+12	0.000098
8366.738543	1.438971e+12	1.438799e+12	0.000098
8740.831823	1.299430e+12	1.299281e+12	0.000099
9131.651548	1.173427e+12	1.173298e+12	0.000097
9539.945589	1.059639e+12	1.059528e+12	0.000097
9966.495256	9.568821e+11	9.567861e+11	0.000100
10412.116796	8.640887e+11	8.640057e+11	0.000098
10877.662947	7.802910e+11	7.802192e+11	0.000098
11364.024580	7.046188e+11	7.045568e+11	0.000098
11872.132395	6.362843e+11	6.362307e+11	0.000098
12402.958706	5.745749e+11	5.745286e+11	0.000098
12957.519302	5.188498e+11	5.188097e+11	0.000098
13536.875390	4.685287e+11	4.684941e+11	0.000099
14142.135624	4.230861e+11	4.230561e+11	0.000098
14774.458229	3.820496e+11	3.820238e+11	0.000099
15435.053217	3.449940e+11	3.449716e+11	0.000099
16125.184703	3.115326e+11	3.115133e+11	0.000100
16846.173319	2.813147e+11	2.812980e+11	0.000099
17599.398751	2.540282e+11	2.540138e+11	0.000099
18386.302367	2.293876e+11	2.293751e+11	0.000098
19208.389987	2.071371e+11	2.071264e+11	0.000099
20067.234756	1.870448e+11	1.870355e+11	0.000099
20964.480158	1.689009e+11	1.688928e+11	0.000099
21901.843160	1.525168e+11	1.525098e+11	0.000099
22881.117500	1.377225e+11	1.377165e+11	0.000099
23904.177115	1.243630e+11	1.243578e+11	0.000099
24972.979731	1.122993e+11	1.122948e+11	0.000099
26089.570607	1.014058e+11	1.014019e+11	0.000099
27256.086450	9.156886e+10	9.156550e+10	0.000100
28474.759503	8.268613e+10	8.268322e+10	0.000099
29747.921817	7.466502e+10	7.466251e+10	0.000099
31078.009714	6.742194e+10	6.741977e+10	0.000099
32467.568447	6.088135e+10	6.087947e+10	0.000098
33919.257076	5.497525e+10	5.497363e+10	0.000098
35435.853548	4.964200e+10	4.964060e+10	0.000100
37020.260022	4.482623e+10	4.482502e+10	0.000100
38675.508415	4.047761e+10	4.047656e+10	0.000099
40404.766208	3.655084e+10	3.654993e+10	0.000099
42211.342507	3.300496e+10	3.300418e+10	0.000098
44098.694374	2.980303e+10	2.980236e+10	0.000099
46070.433442	2.691175e+10	2.691116e+10	0.000099
48130.332829	2.430093e+10	2.430043e+10	0.000099
50282.334355	2.194337e+10	2.194293e+10	0.000099
52530.556088	1.981454e+10	1.981416e+10	0.000100
54879.300222	1.789224e+10	1.789192e+10	0.000100
57333.061309	1.615644e+10	1.615616e+10	0.000100
59896.534865	1.458903e+10	1.458878e+10	0.000100
62574.626349	1.317366e+10	1.317345e+10	0.000099
65372.460552	1.189562e+10	1.189543e+10	0.000099
68295.391407	1.074154e+10	1.074138e+10	0.000099
71349.012230	9.699432e+09	9.699296e+09	0.000099
74539.166426	8.758430e+09	8.758312e+09	0.000099
77871.958669	7.908714e+09	7.908612e+09	0.000098
81353.766586	7.141436e+09	7.141349e+09	0.000098
84991.252961	6.448586e+09	6.448510e+09	0.000099
88791.378481	5.822961e+09	5.822896e+09	0.000099
92761.415063	5.258034e+09	5.257977e+09	0.000099
96908.959762	4.747911e+09	4.747862e+09	0.000100
101241.949315	4.287280e+09	4.287237e+09	0.000100
105768.675324	3.871336e+09	3.871299e+09	0.000100
110497.800126	3.495747e+09	3.495716e+09	0.000100
115438.373369	3.156597e+09	3.156569e+09	0.000100
120599.849325	2.850348e+09	2.850324e+09	0.000099
125992.104989	2.573813e+09	2.573792e+09	0.000100
131625.458974	2.324106e+09	2.324088e+09	0.000100
137510.691258	2.098625e+09	2.098609e+09	0.000100
143659.063814	1.895018e+09	1.895005e+09	0.000100
150082.342159	1.711165e+09	1.711153e+09	0.000098
156792.817870	1.545150e+09	1.545140e+09	0.000098
163803.332103	1.395240e+09	1.395232e+09	0.000100
171127.300170	1.259874e+09	1.259867e+09	0.000100
178778.737206	1.137643e+09	1.137636e+09	0.000100
186772.284990	1.027270e+09	1.027264e+09	0.000100
195123.239965	9.276062e+08	9.276015e+08	0.000099
203847.582506	8.376086e+08	8.376045e+08	0.000099
212962.007503	7.563441e+08	7.563405e+08	0.000100
222483.956309	6.829643e+08	6.829612e+08	0.000100
232431.650110	6.167037e+08	6.167011e+08	0.000100
242824.124801	5.568717e+08	5.568694e+08	0.000100
253681.267407	5.028444e+08	5.028424e+08	0.000099
265023.854141	4.540589e+08	4.540571e+08	0.000099
276873.590162	4.100058e+08	4.100043e+08	0.000099
289253.151108	3.702274e+08	3.702262e+08	0.000099
302186.226490	3.343081e+08	3.343070e+08	0.000098
315697.565024	3.018739e+08	3.018729e+08	0.000098
329813.021990	2.725863e+08	2.725854e+08	0.000099
344559.608705	2.461398e+08	2.461391e+08	0.000100
359965.544219	2.222596e+08	2.222589e+08	0.000100
376060.309309	2.006962e+08	2.006956e+08	0.000100
392874.702894	1.812248e+08	1.812244e+08	0.000100
410440.900977	1.636426e+08	1.636422e+08	0.000100
428792.518210	1.477662e+08	1.477659e+08	0.000100
447964.672221	1.334300e+08	1.334297e+08	0.000100
467994.050821	1.204848e+08	1.204845e+08	0.000100
488918.982199	1.087955e+08	1.087953e+08	0.000100
510779.508276	9.824029e+07	9.824010e+07	0.000100
533617.461325	8.870916e+07	8.870899e+07	0.000100
557476.544023	8.010272e+07	8.010258e+07	0.000100
582402.413076	7.233127e+07	7.233115e+07	0.000099
608442.766595	6.531382e+07	6.531371e+07	0.000100
635647.435364	5.897719e+07	5.897710e+07	0.000100
664068.478201	5.325534e+07	5.325526e+07	0.000100
693760.281574	4.808861e+07	4.808854e+07	0.000100
724779.663678	4.342315e+07	4.342309e+07	0.000100
757185.983160	3.921037e+07	3.921032e+07	0.000099
791041.252709	3.540624e+07	3.540619e+07	0.000100
826410.257724	3.197121e+07	3.197117e+07	0.000100
863360.680283	2.886944e+07	2.886941e+07	0.000100
901963.228665	2.606860e+07	2.606858e+07	0.000100
942291.772655	2.353950e+07	2.353947e+07	0.000100
984423.484899	2.125574e+07	2.125572e+07	0.000099
1028438.988584	1.919357e+07	1.919356e+07	0.000098
1074422.511718	1.733147e+07	1.733145e+07	0.000099
1122462.048309	1.565002e+07	1.565001e+07	0.000099
1172649.526749	1.413171e+07	1.413170e+07	0.000099
1225080.985727	1.276070e+07	1.276069e+07	0.000099
1279856.758013	1.152270e+07	1.152269e+07	0.000099
1337081.662450	1.040481e+07	1.040480e+07	0.000099
1396865.204537	9.395368e+06	9.395361e+06	0.000098
1459321.785979	8.483864e+06	8.483858e+06	0.000099
1524570.923605	7.660798e+06	7.660793e+06	0.000098
1592737.478076	6.917581e+06	6.917576e+06	0.000098
1663951.892819	6.246467e+06	6.246463e+06	0.000098
1738350.443639	5.640463e+06	5.640460e+06	0.000098
1816075.499504	5.093251e+06	5.093248e+06	0.000098
1897275.794973	4.599129e+06	4.599126e+06	0.000098
1982106.714822	4.152945e+06	4.152943e+06	0.000098
2070730.591385	3.750048e+06	3.750046e+06	0.000098
2163317.015189	3.386238e+06	3.386237e+06	0.000098
2260043.159491	3.057724e+06	3.057723e+06	0.000098
2361094.119307	2.761081e+06	2.761080e+06	0.000098
2466663.265618	2.493216e+06	2.493215e+06	0.000099
2576952.615398	2.251340e+06	2.251339e+06	0.000099
2692173.218197	2.032929e+06	2.032928e+06	0.000099
2812545.560003	1.835707e+06	1.835706e+06	0.000100
2938299.985167	1.657619e+06	1.657618e+06	0.000100
3069677.137184	1.496808e+06	1.496807e+06	0.000099
3206928.419195	1.351598e+06	1.351597e+06	0.000100
3350316.475065	1.220476e+06	1.220475e+06	0.000099
3500115.691984	1.102074e+06	1.102074e+06	0.000099
3656612.725529	9.951593e+05	9.951590e+05	0.000099
3820107.048211	8.986167e+05	8.986165e+05	0.000099
3990911.522543	8.114402e+05	8.114400e+05	0.000099
4169352.999734	7.327209e+05	7.327208e+05	0.000099
4355772.945154	6.616385e+05	6.616384e+05	0.000099
4550528.091754	5.974521e+05	5.974519e+05	0.000099
4753991.122721	5.394925e+05	5.394924e+05	0.000099
4966551.384631	4.871559e+05	4.871558e+05	0.000100
5188615.632514	4.398963e+05	4.398962e+05	0.000098
5420608.808212	3.972219e+05	3.972219e+05	0.000100
5662974.853551	3.586874e+05	3.586873e+05	0.000100
5916177.559864	3.238912e+05	3.238911e+05	0.000100
6180701.455507	2.924706e+05	2.924705e+05	0.000100
6457052.733046	2.640981e+05	2.640981e+05	0.000098
6745760.217911	2.384781e+05	2.384781e+05	0.000099
7047376.380350	2.153436e+05	2.153436e+05	0.000099
7362478.392642	1.944534e+05	1.944534e+05	0.000099
7691669.233570	1.755898e+05	1.755898e+05	0.000099
8035578.842278	1.585562e+05	1.585562e+05	0.000099
8394865.323726	1.431750e+05	1.431750e+05	0.000100
8770216.208036	1.292856e+05	1.292856e+05	0.000098
9162349.766149	1.167443e+05	1.167443e+05	0.000100
9572016.384310	1.054190e+05	1.054190e+05	0.000098
10000000.000000	9.519266e+04	9.519265e+04	0.000098
